; Contains data for the Tic-Tac-Toe win Problem
; IPs: -1='o' 0='blank' 1='x' OP: 0='y-win' 1='x-win'
NumIPs: 9
NumOPs: 1
NumTrnPats: 958
NumTstPats: 958
NumIts: 200
NumHN: 2
NumHN1: 20
NumHN2: 10
LrnRate: 0.9
Mtm1: 1.2
Mtm2: 0.4
ObjErr: 0.001
Ordering: 0

 1  1  1  1 -1 -1  1 -1 -1  1 
 1  1  1  1 -1 -1 -1  1 -1  1 
 1  1  1  1 -1 -1 -1 -1  1  1 
 1  1  1  1 -1 -1 -1  0  0  1 
 1  1  1  1 -1 -1  0 -1  0  1 
 1  1  1  1 -1 -1  0  0 -1  1 
 1  1  1  1 -1  0 -1 -1  0  1 
 1  1  1  1 -1  0 -1  0 -1  1 
 1  1  1  1 -1  0  0 -1 -1  1 
 1  1  1  1  0 -1 -1 -1  0  1 
 1  1  1  1  0 -1 -1  0 -1  1 
 1  1  1  1  0 -1  0 -1 -1  1 
 1  1  1 -1  1 -1  1 -1 -1  1 
 1  1  1 -1  1 -1 -1  1 -1  1 
 1  1  1 -1  1 -1 -1 -1  1  1 
 1  1  1 -1  1 -1 -1  0  0  1 
 1  1  1 -1  1 -1  0 -1  0  1 
 1  1  1 -1  1 -1  0  0 -1  1 
 1  1  1 -1  1  0 -1 -1  0  1 
 1  1  1 -1  1  0 -1  0 -1  1 
 1  1  1 -1  1  0  0 -1 -1  1 
 1  1  1 -1 -1  1  1 -1 -1  1 
 1  1  1 -1 -1  1 -1  1 -1  1 
 1  1  1 -1 -1  1 -1 -1  1  1 
 1  1  1 -1 -1  1 -1  0  0  1 
 1  1  1 -1 -1  1  0 -1  0  1 
 1  1  1 -1 -1  1  0  0 -1  1 
 1  1  1 -1 -1  0  1 -1  0  1 
 1  1  1 -1 -1  0  1  0 -1  1 
 1  1  1 -1 -1  0 -1  1  0  1 
 1  1  1 -1 -1  0 -1  0  1  1 
 1  1  1 -1 -1  0  0  1 -1  1 
 1  1  1 -1 -1  0  0 -1  1  1 
 1  1  1 -1 -1  0  0  0  0  1 
 1  1  1 -1  0  1 -1 -1  0  1 
 1  1  1 -1  0  1 -1  0 -1  1 
 1  1  1 -1  0  1  0 -1 -1  1 
 1  1  1 -1  0 -1  1 -1  0  1 
 1  1  1 -1  0 -1  1  0 -1  1 
 1  1  1 -1  0 -1 -1  1  0  1 
 1  1  1 -1  0 -1 -1  0  1  1 
 1  1  1 -1  0 -1  0  1 -1  1 
 1  1  1 -1  0 -1  0 -1  1  1 
 1  1  1 -1  0 -1  0  0  0  1 
 1  1  1 -1  0  0  1 -1 -1  1 
 1  1  1 -1  0  0 -1  1 -1  1 
 1  1  1 -1  0  0 -1 -1  1  1 
 1  1  1 -1  0  0 -1  0  0  1 
 1  1  1 -1  0  0  0 -1  0  1 
 1  1  1 -1  0  0  0  0 -1  1 
 1  1  1  0  1 -1 -1 -1  0  1 
 1  1  1  0  1 -1 -1  0 -1  1 
 1  1  1  0  1 -1  0 -1 -1  1 
 1  1  1  0 -1  1 -1 -1  0  1 
 1  1  1  0 -1  1 -1  0 -1  1 
 1  1  1  0 -1  1  0 -1 -1  1 
 1  1  1  0 -1 -1  1 -1  0  1 
 1  1  1  0 -1 -1  1  0 -1  1 
 1  1  1  0 -1 -1 -1  1  0  1 
 1  1  1  0 -1 -1 -1  0  1  1 
 1  1  1  0 -1 -1  0  1 -1  1 
 1  1  1  0 -1 -1  0 -1  1  1 
 1  1  1  0 -1 -1  0  0  0  1 
 1  1  1  0 -1  0  1 -1 -1  1 
 1  1  1  0 -1  0 -1  1 -1  1 
 1  1  1  0 -1  0 -1 -1  1  1 
 1  1  1  0 -1  0 -1  0  0  1 
 1  1  1  0 -1  0  0 -1  0  1 
 1  1  1  0 -1  0  0  0 -1  1 
 1  1  1  0  0 -1  1 -1 -1  1 
 1  1  1  0  0 -1 -1  1 -1  1 
 1  1  1  0  0 -1 -1 -1  1  1 
 1  1  1  0  0 -1 -1  0  0  1 
 1  1  1  0  0 -1  0 -1  0  1 
 1  1  1  0  0 -1  0  0 -1  1 
 1  1  1  0  0  0 -1 -1  0  1 
 1  1  1  0  0  0 -1  0 -1  1 
 1  1  1  0  0  0  0 -1 -1  1 
 1  1 -1  1  1 -1 -1 -1  1  1 
 1  1 -1  1 -1  1  1 -1 -1  1 
 1  1 -1  1 -1 -1  1 -1  1  1 
 1  1 -1  1 -1 -1  1  0  0  1 
 1  1 -1  1 -1  0  1 -1  0  1 
 1  1 -1  1 -1  0  1  0 -1  1 
 1  1 -1  1  0 -1  1 -1  0  1 
 1  1 -1  1  0  0  1 -1 -1  1 
 1  1 -1 -1  1  1 -1  1 -1  1 
 1  1 -1 -1  1  1 -1 -1  1  1 
 1  1 -1 -1  1 -1  1 -1  1  1 
 1  1 -1 -1  1 -1 -1  1  1  1 
 1  1 -1 -1  1 -1  0  1  0  1 
 1  1 -1 -1  1 -1  0  0  1  1 
 1  1 -1 -1  1  0 -1  1  0  1 
 1  1 -1 -1  1  0 -1  0  1  1 
 1  1 -1 -1  1  0  0  1 -1  1 
 1  1 -1 -1  1  0  0 -1  1  1 
 1  1 -1  0  1 -1 -1  1  0  1 
 1  1 -1  0  1 -1 -1  0  1  1 
 1  1 -1  0  1 -1  0 -1  1  1 
 1  1 -1  0  1  0 -1  1 -1  1 
 1  1 -1  0  1  0 -1 -1  1  1 
 1  1  0  1 -1 -1  1 -1  0  1 
 1  1  0  1 -1 -1  1  0 -1  1 
 1  1  0  1 -1  0  1 -1 -1  1 
 1  1  0  1  0 -1  1 -1 -1  1 
 1  1  0 -1  1 -1 -1  1  0  1 
 1  1  0 -1  1 -1 -1  0  1  1 
 1  1  0 -1  1 -1  0  1 -1  1 
 1  1  0 -1  1 -1  0 -1  1  1 
 1  1  0 -1  1  0 -1  1 -1  1 
 1  1  0 -1  1  0 -1 -1  1  1 
 1  1  0  0  1 -1 -1  1 -1  1 
 1  1  0  0  1 -1 -1 -1  1  1 
 1 -1  1  1  1 -1  1 -1 -1  1 
 1 -1  1  1  1 -1 -1 -1  1  1 
 1 -1  1  1 -1 -1  1  1 -1  1 
 1 -1  1  1 -1 -1  1  0  0  1 
 1 -1  1  1 -1  0  1  0 -1  1 
 1 -1  1  1  0 -1  1 -1  0  1 
 1 -1  1  1  0 -1  1  0 -1  1 
 1 -1  1  1  0  0  1 -1 -1  1 
 1 -1  1 -1  1  1  1 -1 -1  1 
 1 -1  1 -1  1  1 -1 -1  1  1 
 1 -1  1 -1  1 -1  1  1 -1  1 
 1 -1  1 -1  1 -1  1 -1  1  1 
 1 -1  1 -1  1 -1  1  0  0  1 
 1 -1  1 -1  1 -1 -1  1  1  1 
 1 -1  1 -1  1 -1  0  0  1  1 
 1 -1  1 -1  1  0  1 -1  0  1 
 1 -1  1 -1  1  0  1  0 -1  1 
 1 -1  1 -1  1  0 -1  0  1  1 
 1 -1  1 -1  1  0  0 -1  1  1 
 1 -1  1 -1 -1  1 -1  1  1  1 
 1 -1  1 -1 -1  1  0  0  1  1 
 1 -1  1 -1  0  1 -1  0  1  1 
 1 -1  1 -1  0  1  0 -1  1  1 
 1 -1  1  0  1 -1  1 -1  0  1 
 1 -1  1  0  1 -1  1  0 -1  1 
 1 -1  1  0  1 -1 -1  0  1  1 
 1 -1  1  0  1 -1  0 -1  1  1 
 1 -1  1  0  1  0  1 -1 -1  1 
 1 -1  1  0  1  0 -1 -1  1  1 
 1 -1  1  0 -1  1 -1  0  1  1 
 1 -1  1  0  0  1 -1 -1  1  1 
 1 -1 -1  1  1  1  1 -1 -1  1 
 1 -1 -1  1  1  1 -1  1 -1  1 
 1 -1 -1  1  1  1 -1 -1  1  1 
 1 -1 -1  1  1  1 -1  0  0  1 
 1 -1 -1  1  1  1  0 -1  0  1 
 1 -1 -1  1  1  1  0  0 -1  1 
 1 -1 -1  1  1 -1  1 -1  1  1 
 1 -1 -1  1  1 -1  1  0  0  1 
 1 -1 -1  1  1 -1 -1  1  1  1 
 1 -1 -1  1  1 -1  0  0  1  1 
 1 -1 -1  1  1  0  1 -1  0  1 
 1 -1 -1  1  1  0  1  0 -1  1 
 1 -1 -1  1  1  0 -1  0  1  1 
 1 -1 -1  1  1  0  0 -1  1  1 
 1 -1 -1  1 -1  1  1  1 -1  1 
 1 -1 -1  1 -1  1  1  0  0  1 
 1 -1 -1  1 -1 -1  1  1  1  1 
 1 -1 -1  1 -1  0  1  1  0  1 
 1 -1 -1  1 -1  0  1  0  1  1 
 1 -1 -1  1  0  1  1 -1  0  1 
 1 -1 -1  1  0  1  1  0 -1  1 
 1 -1 -1  1  0 -1  1  1  0  1 
 1 -1 -1  1  0 -1  1  0  1  1 
 1 -1 -1  1  0  0  1  1 -1  1 
 1 -1 -1  1  0  0  1 -1  1  1 
 1 -1 -1  1  0  0  1  0  0  1 
 1 -1 -1 -1  1  1  1 -1  1  1 
 1 -1 -1 -1  1  1 -1  1  1  1 
 1 -1 -1 -1  1  1  0  0  1  1 
 1 -1 -1 -1  1 -1  1  1  1  1 
 1 -1 -1 -1  1  0  1  0  1  1 
 1 -1 -1 -1  1  0  0  1  1  1 
 1 -1 -1 -1 -1  1  1  1  1  1 
 1 -1 -1 -1  0  0  1  1  1  1 
 1 -1 -1  0  1  1 -1  0  1  1 
 1 -1 -1  0  1  1  0 -1  1  1 
 1 -1 -1  0  1 -1  1  0  1  1 
 1 -1 -1  0  1 -1  0  1  1  1 
 1 -1 -1  0  1  0  1 -1  1  1 
 1 -1 -1  0  1  0 -1  1  1  1 
 1 -1 -1  0  1  0  0  0  1  1 
 1 -1 -1  0 -1  0  1  1  1  1 
 1 -1 -1  0  0 -1  1  1  1  1 
 1 -1  0  1  1  1 -1 -1  0  1 
 1 -1  0  1  1  1 -1  0 -1  1 
 1 -1  0  1  1  1  0 -1 -1  1 
 1 -1  0  1  1 -1  1 -1  0  1 
 1 -1  0  1  1 -1  1  0 -1  1 
 1 -1  0  1  1 -1 -1  0  1  1 
 1 -1  0  1  1 -1  0 -1  1  1 
 1 -1  0  1  1  0  1 -1 -1  1 
 1 -1  0  1  1  0 -1 -1  1  1 
 1 -1  0  1 -1  1  1  0 -1  1 
 1 -1  0  1 -1 -1  1  1  0  1 
 1 -1  0  1 -1 -1  1  0  1  1 
 1 -1  0  1 -1  0  1  1 -1  1 
 1 -1  0  1 -1  0  1  0  0  1 
 1 -1  0  1  0  1  1 -1 -1  1 
 1 -1  0  1  0 -1  1  1 -1  1 
 1 -1  0  1  0 -1  1 -1  1  1 
 1 -1  0  1  0 -1  1  0  0  1 
 1 -1  0  1  0  0  1 -1  0  1 
 1 -1  0  1  0  0  1  0 -1  1 
 1 -1  0 -1  1  1 -1  0  1  1 
 1 -1  0 -1  1  1  0 -1  1  1 
 1 -1  0 -1  1 -1  1  0  1  1 
 1 -1  0 -1  1 -1  0  1  1  1 
 1 -1  0 -1  1  0  1 -1  1  1 
 1 -1  0 -1  1  0 -1  1  1  1 
 1 -1  0 -1  1  0  0  0  1  1 
 1 -1  0 -1 -1  0  1  1  1  1 
 1 -1  0 -1  0 -1  1  1  1  1 
 1 -1  0  0  1  1 -1 -1  1  1 
 1 -1  0  0  1 -1  1 -1  1  1 
 1 -1  0  0  1 -1 -1  1  1  1 
 1 -1  0  0  1 -1  0  0  1  1 
 1 -1  0  0  1  0 -1  0  1  1 
 1 -1  0  0  1  0  0 -1  1  1 
 1 -1  0  0 -1 -1  1  1  1  1 
 1  0  1  1 -1 -1  1 -1  0  1 
 1  0  1  1 -1 -1  1  0 -1  1 
 1  0  1  1 -1  0  1 -1 -1  1 
 1  0  1  1  0 -1  1 -1 -1  1 
 1  0  1 -1  1 -1  1 -1  0  1 
 1  0  1 -1  1 -1  1  0 -1  1 
 1  0  1 -1  1 -1 -1  0  1  1 
 1  0  1 -1  1 -1  0 -1  1  1 
 1  0  1 -1  1  0  1 -1 -1  1 
 1  0  1 -1  1  0 -1 -1  1  1 
 1  0  1 -1 -1  1 -1  0  1  1 
 1  0  1 -1 -1  1  0 -1  1  1 
 1  0  1 -1  0  1 -1 -1  1  1 
 1  0  1  0  1 -1  1 -1 -1  1 
 1  0  1  0  1 -1 -1 -1  1  1 
 1  0  1  0 -1  1 -1 -1  1  1 
 1  0 -1  1  1  1 -1 -1  0  1 
 1  0 -1  1  1  1 -1  0 -1  1 
 1  0 -1  1  1  1  0 -1 -1  1 
 1  0 -1  1  1 -1  1 -1  0  1 
 1  0 -1  1  1 -1 -1  0  1  1 
 1  0 -1  1  1 -1  0 -1  1  1 
 1  0 -1  1  1  0  1 -1 -1  1 
 1  0 -1  1  1  0 -1 -1  1  1 
 1  0 -1  1 -1  1  1 -1  0  1 
 1  0 -1  1 -1  1  1  0 -1  1 
 1  0 -1  1 -1 -1  1  1  0  1 
 1  0 -1  1 -1 -1  1  0  1  1 
 1  0 -1  1 -1  0  1  1 -1  1 
 1  0 -1  1 -1  0  1 -1  1  1 
 1  0 -1  1 -1  0  1  0  0  1 
 1  0 -1  1  0  1  1 -1 -1  1 
 1  0 -1  1  0 -1  1 -1  1  1 
 1  0 -1  1  0 -1  1  0  0  1 
 1  0 -1  1  0  0  1 -1  0  1 
 1  0 -1  1  0  0  1  0 -1  1 
 1  0 -1 -1  1  1 -1  0  1  1 
 1  0 -1 -1  1  1  0 -1  1  1 
 1  0 -1 -1  1 -1  1  0  1  1 
 1  0 -1 -1  1 -1  0  1  1  1 
 1  0 -1 -1  1  0  1 -1  1  1 
 1  0 -1 -1  1  0 -1  1  1  1 
 1  0 -1 -1  1  0  0  0  1  1 
 1  0 -1 -1 -1  0  1  1  1  1 
 1  0 -1 -1  0 -1  1  1  1  1 
 1  0 -1  0  1  1 -1 -1  1  1 
 1  0 -1  0  1 -1  1 -1  1  1 
 1  0 -1  0  1 -1 -1  1  1  1 
 1  0 -1  0  1 -1  0  0  1  1 
 1  0 -1  0  1  0 -1  0  1  1 
 1  0 -1  0  1  0  0 -1  1  1 
 1  0 -1  0 -1 -1  1  1  1  1 
 1  0  0  1  1 -1  1 -1 -1  1 
 1  0  0  1  1 -1 -1 -1  1  1 
 1  0  0  1 -1  1  1 -1 -1  1 
 1  0  0  1 -1 -1  1  1 -1  1 
 1  0  0  1 -1 -1  1 -1  1  1 
 1  0  0  1 -1 -1  1  0  0  1 
 1  0  0  1 -1  0  1 -1  0  1 
 1  0  0  1 -1  0  1  0 -1  1 
 1  0  0  1  0 -1  1 -1  0  1 
 1  0  0  1  0 -1  1  0 -1  1 
 1  0  0  1  0  0  1 -1 -1  1 
 1  0  0 -1  1  1 -1 -1  1  1 
 1  0  0 -1  1 -1  1 -1  1  1 
 1  0  0 -1  1 -1 -1  1  1  1 
 1  0  0 -1  1 -1  0  0  1  1 
 1  0  0 -1  1  0 -1  0  1  1 
 1  0  0 -1  1  0  0 -1  1  1 
 1  0  0  0  1 -1 -1  0  1  1 
 1  0  0  0  1 -1  0 -1  1  1 
 1  0  0  0  1  0 -1 -1  1  1 
-1  1  1  1  1 -1  1 -1 -1  1 
-1  1  1  1  1 -1 -1  1 -1  1 
-1  1  1  1 -1  1 -1 -1  1  1 
-1  1  1 -1  1  1  1 -1 -1  1 
-1  1  1 -1  1 -1  1  1 -1  1 
-1  1  1 -1  1 -1  1 -1  1  1 
-1  1  1 -1  1 -1  1  0  0  1 
-1  1  1 -1  1 -1  0  1  0  1 
-1  1  1 -1  1  0  1 -1  0  1 
-1  1  1 -1  1  0  1  0 -1  1 
-1  1  1 -1  1  0  0  1 -1  1 
-1  1  1 -1 -1  1  1 -1  1  1 
-1  1  1 -1 -1  1  0  0  1  1 
-1  1  1 -1  0  1  0 -1  1  1 
-1  1  1  0  1 -1  1 -1  0  1 
-1  1  1  0  1 -1  1  0 -1  1 
-1  1  1  0  1 -1 -1  1  0  1 
-1  1  1  0  1 -1  0  1 -1  1 
-1  1  1  0  1  0  1 -1 -1  1 
-1  1  1  0  1  0 -1  1 -1  1 
-1  1  1  0 -1  1 -1  0  1  1 
-1  1  1  0 -1  1  0 -1  1  1 
-1  1  1  0  0  1 -1 -1  1  1 
-1  1 -1  1  1  1  1 -1 -1  1 
-1  1 -1  1  1  1 -1  1 -1  1 
-1  1 -1  1  1  1 -1 -1  1  1 
-1  1 -1  1  1  1 -1  0  0  1 
-1  1 -1  1  1  1  0 -1  0  1 
-1  1 -1  1  1  1  0  0 -1  1 
-1  1 -1  1  1 -1 -1  1  1  1 
-1  1 -1  1  1 -1  0  1  0  1 
-1  1 -1  1  1  0 -1  1  0  1 
-1  1 -1  1  1  0  0  1 -1  1 
-1  1 -1  1 -1 -1  1  1  1  1 
-1  1 -1 -1  1  1  1  1 -1  1 
-1  1 -1 -1  1  1  0  1  0  1 
-1  1 -1 -1  1 -1  1  1  1  1 
-1  1 -1 -1  1  0  1  1  0  1 
-1  1 -1 -1  1  0  0  1  1  1 
-1  1 -1 -1 -1  1  1  1  1  1 
-1  1 -1 -1  0  0  1  1  1  1 
-1  1 -1  0  1  1 -1  1  0  1 
-1  1 -1  0  1  1  0  1 -1  1 
-1  1 -1  0  1 -1  1  1  0  1 
-1  1 -1  0  1 -1  0  1  1  1 
-1  1 -1  0  1  0  1  1 -1  1 
-1  1 -1  0  1  0 -1  1  1  1 
-1  1 -1  0  1  0  0  1  0  1 
-1  1 -1  0 -1  0  1  1  1  1 
-1  1 -1  0  0 -1  1  1  1  1 
-1  1  0  1  1  1 -1 -1  0  1 
-1  1  0  1  1  1 -1  0 -1  1 
-1  1  0  1  1  1  0 -1 -1  1 
-1  1  0  1  1 -1 -1  1  0  1 
-1  1  0  1  1 -1  0  1 -1  1 
-1  1  0  1  1  0 -1  1 -1  1 
-1  1  0 -1  1  1  0  1 -1  1 
-1  1  0 -1  1 -1  1  1  0  1 
-1  1  0 -1  1 -1  0  1  1  1 
-1  1  0 -1  1  0  1  1 -1  1 
-1  1  0 -1  1  0  0  1  0  1 
-1  1  0 -1 -1  0  1  1  1  1 
-1  1  0 -1  0 -1  1  1  1  1 
-1  1  0  0  1  1 -1  1 -1  1 
-1  1  0  0  1 -1  1  1 -1  1 
-1  1  0  0  1 -1 -1  1  1  1 
-1  1  0  0  1 -1  0  1  0  1 
-1  1  0  0  1  0 -1  1  0  1 
-1  1  0  0  1  0  0  1 -1  1 
-1  1  0  0 -1 -1  1  1  1  1 
-1 -1  1  1  1  1  1 -1 -1  1 
-1 -1  1  1  1  1 -1  1 -1  1 
-1 -1  1  1  1  1 -1 -1  1  1 
-1 -1  1  1  1  1 -1  0  0  1 
-1 -1  1  1  1  1  0 -1  0  1 
-1 -1  1  1  1  1  0  0 -1  1 
-1 -1  1  1  1 -1  1  1 -1  1 
-1 -1  1  1  1 -1  1 -1  1  1 
-1 -1  1  1  1 -1  1  0  0  1 
-1 -1  1  1  1  0  1 -1  0  1 
-1 -1  1  1  1  0  1  0 -1  1 
-1 -1  1  1 -1  1 -1  1  1  1 
-1 -1  1  1 -1  1  0  0  1  1 
-1 -1  1  1 -1 -1  1  1  1  1 
-1 -1  1  1  0  1 -1  0  1  1 
-1 -1  1  1  0  1  0 -1  1  1 
-1 -1  1 -1  1  1  1  1 -1  1 
-1 -1  1 -1  1  1  1 -1  1  1 
-1 -1  1 -1  1  1  1  0  0  1 
-1 -1  1 -1  1  1  0  0  1  1 
-1 -1  1 -1  1 -1  1  1  1  1 
-1 -1  1 -1  1  0  1  1  0  1 
-1 -1  1 -1  1  0  1  0  1  1 
-1 -1  1 -1 -1  1  1  1  1  1 
-1 -1  1 -1  0  1  1  0  1  1 
-1 -1  1 -1  0  1  0  1  1  1 
-1 -1  1 -1  0  0  1  1  1  1 
-1 -1  1  0  1  1  1 -1  0  1 
-1 -1  1  0  1  1  1  0 -1  1 
-1 -1  1  0  1  1 -1  0  1  1 
-1 -1  1  0  1  1  0 -1  1  1 
-1 -1  1  0  1 -1  1  1  0  1 
-1 -1  1  0  1 -1  1  0  1  1 
-1 -1  1  0  1  0  1  1 -1  1 
-1 -1  1  0  1  0  1 -1  1  1 
-1 -1  1  0  1  0  1  0  0  1 
-1 -1  1  0 -1  1  1  0  1  1 
-1 -1  1  0 -1  1  0  1  1  1 
-1 -1  1  0 -1  0  1  1  1  1 
-1 -1  1  0  0  1  1 -1  1  1 
-1 -1  1  0  0  1 -1  1  1  1 
-1 -1  1  0  0  1  0  0  1  1 
-1 -1  1  0  0 -1  1  1  1  1 
-1 -1  0  1  1  1  1 -1  0  1 
-1 -1  0  1  1  1  1  0 -1  1 
-1 -1  0  1  1  1 -1  1  0  1 
-1 -1  0  1  1  1 -1  0  1  1 
-1 -1  0  1  1  1  0  1 -1  1 
-1 -1  0  1  1  1  0 -1  1  1 
-1 -1  0  1  1  1  0  0  0  1 
-1 -1  0  1 -1  0  1  1  1  1 
-1 -1  0  1  0 -1  1  1  1  1 
-1 -1  0 -1  1  0  1  1  1  1 
-1 -1  0 -1  0  1  1  1  1  1 
-1 -1  0  0  1 -1  1  1  1  1 
-1 -1  0  0 -1  1  1  1  1  1 
-1 -1  0  0  0  0  1  1  1  1 
-1  0  1  1  1  1 -1 -1  0  1 
-1  0  1  1  1  1 -1  0 -1  1 
-1  0  1  1  1  1  0 -1 -1  1 
-1  0  1  1  1 -1  1 -1  0  1 
-1  0  1  1  1 -1  1  0 -1  1 
-1  0  1  1  1  0  1 -1 -1  1 
-1  0  1  1 -1  1 -1  0  1  1 
-1  0  1  1 -1  1  0 -1  1  1 
-1  0  1  1  0  1 -1 -1  1  1 
-1  0  1 -1  1  1  1 -1  0  1 
-1  0  1 -1  1  1  1  0 -1  1 
-1  0  1 -1  1  1  0 -1  1  1 
-1  0  1 -1  1 -1  1  1  0  1 
-1  0  1 -1  1 -1  1  0  1  1 
-1  0  1 -1  1  0  1  1 -1  1 
-1  0  1 -1  1  0  1 -1  1  1 
-1  0  1 -1  1  0  1  0  0  1 
-1  0  1 -1 -1  1  1  0  1  1 
-1  0  1 -1 -1  1  0  1  1  1 
-1  0  1 -1 -1  0  1  1  1  1 
-1  0  1 -1  0  1  1 -1  1  1 
-1  0  1 -1  0  1  0  0  1  1 
-1  0  1 -1  0 -1  1  1  1  1 
-1  0  1  0  1  1  1 -1 -1  1 
-1  0  1  0  1  1 -1 -1  1  1 
-1  0  1  0  1 -1  1  1 -1  1 
-1  0  1  0  1 -1  1 -1  1  1 
-1  0  1  0  1 -1  1  0  0  1 
-1  0  1  0  1  0  1 -1  0  1 
-1  0  1  0  1  0  1  0 -1  1 
-1  0  1  0 -1  1  1 -1  1  1 
-1  0  1  0 -1  1 -1  1  1  1 
-1  0  1  0 -1  1  0  0  1  1 
-1  0  1  0 -1 -1  1  1  1  1 
-1  0  1  0  0  1 -1  0  1  1 
-1  0  1  0  0  1  0 -1  1  1 
-1  0 -1  1  1  1  1 -1  0  1 
-1  0 -1  1  1  1  1  0 -1  1 
-1  0 -1  1  1  1 -1  1  0  1 
-1  0 -1  1  1  1 -1  0  1  1 
-1  0 -1  1  1  1  0  1 -1  1 
-1  0 -1  1  1  1  0 -1  1  1 
-1  0 -1  1  1  1  0  0  0  1 
-1  0 -1  1 -1  0  1  1  1  1 
-1  0 -1  1  0 -1  1  1  1  1 
-1  0 -1 -1  1  0  1  1  1  1 
-1  0 -1 -1  0  1  1  1  1  1 
-1  0 -1  0  1 -1  1  1  1  1 
-1  0 -1  0 -1  1  1  1  1  1 
-1  0 -1  0  0  0  1  1  1  1 
-1  0  0  1  1  1  1 -1 -1  1 
-1  0  0  1  1  1 -1  1 -1  1 
-1  0  0  1  1  1 -1 -1  1  1 
-1  0  0  1  1  1 -1  0  0  1 
-1  0  0  1  1  1  0 -1  0  1 
-1  0  0  1  1  1  0  0 -1  1 
-1  0  0  1 -1 -1  1  1  1  1 
-1  0  0 -1  1 -1  1  1  1  1 
-1  0  0 -1 -1  1  1  1  1  1 
-1  0  0 -1  0  0  1  1  1  1 
-1  0  0  0 -1  0  1  1  1  1 
-1  0  0  0  0 -1  1  1  1  1 
 0  1  1 -1  1 -1  1 -1  0  1 
 0  1  1 -1  1 -1  1  0 -1  1 
 0  1  1 -1  1 -1 -1  1  0  1 
 0  1  1 -1  1 -1  0  1 -1  1 
 0  1  1 -1  1  0  1 -1 -1  1 
 0  1  1 -1  1  0 -1  1 -1  1 
 0  1  1 -1 -1  1 -1  0  1  1 
 0  1  1 -1 -1  1  0 -1  1  1 
 0  1  1 -1  0  1 -1 -1  1  1 
 0  1  1  0  1 -1  1 -1 -1  1 
 0  1  1  0  1 -1 -1  1 -1  1 
 0  1  1  0 -1  1 -1 -1  1  1 
 0  1 -1  1  1  1 -1 -1  0  1 
 0  1 -1  1  1  1 -1  0 -1  1 
 0  1 -1  1  1  1  0 -1 -1  1 
 0  1 -1  1  1 -1 -1  1  0  1 
 0  1 -1  1  1  0 -1  1 -1  1 
 0  1 -1 -1  1  1 -1  1  0  1 
 0  1 -1 -1  1  1  0  1 -1  1 
 0  1 -1 -1  1 -1  1  1  0  1 
 0  1 -1 -1  1 -1  0  1  1  1 
 0  1 -1 -1  1  0  1  1 -1  1 
 0  1 -1 -1  1  0 -1  1  1  1 
 0  1 -1 -1  1  0  0  1  0  1 
 0  1 -1 -1 -1  0  1  1  1  1 
 0  1 -1 -1  0 -1  1  1  1  1 
 0  1 -1  0  1  1 -1  1 -1  1 
 0  1 -1  0  1 -1 -1  1  1  1 
 0  1 -1  0  1 -1  0  1  0  1 
 0  1 -1  0  1  0 -1  1  0  1 
 0  1 -1  0  1  0  0  1 -1  1 
 0  1 -1  0 -1 -1  1  1  1  1 
 0  1  0  1  1 -1 -1  1 -1  1 
 0  1  0 -1  1  1 -1  1 -1  1 
 0  1  0 -1  1 -1  1  1 -1  1 
 0  1  0 -1  1 -1 -1  1  1  1 
 0  1  0 -1  1 -1  0  1  0  1 
 0  1  0 -1  1  0 -1  1  0  1 
 0  1  0 -1  1  0  0  1 -1  1 
 0  1  0  0  1 -1 -1  1  0  1 
 0  1  0  0  1 -1  0  1 -1  1 
 0  1  0  0  1  0 -1  1 -1  1 
 0 -1  1  1  1  1 -1 -1  0  1 
 0 -1  1  1  1  1 -1  0 -1  1 
 0 -1  1  1  1  1  0 -1 -1  1 
 0 -1  1  1  1 -1  1 -1  0  1 
 0 -1  1  1  1 -1  1  0 -1  1 
 0 -1  1  1  1  0  1 -1 -1  1 
 0 -1  1  1 -1  1 -1  0  1  1 
 0 -1  1  1  0  1 -1 -1  1  1 
 0 -1  1 -1  1  1  1 -1  0  1 
 0 -1  1 -1  1  1  1  0 -1  1 
 0 -1  1 -1  1  1 -1  0  1  1 
 0 -1  1 -1  1  1  0 -1  1  1 
 0 -1  1 -1  1 -1  1  1  0  1 
 0 -1  1 -1  1 -1  1  0  1  1 
 0 -1  1 -1  1  0  1  1 -1  1 
 0 -1  1 -1  1  0  1 -1  1  1 
 0 -1  1 -1  1  0  1  0  0  1 
 0 -1  1 -1 -1  1  1  0  1  1 
 0 -1  1 -1 -1  1  0  1  1  1 
 0 -1  1 -1 -1  0  1  1  1  1 
 0 -1  1 -1  0  1  1 -1  1  1 
 0 -1  1 -1  0  1 -1  1  1  1 
 0 -1  1 -1  0  1  0  0  1  1 
 0 -1  1 -1  0 -1  1  1  1  1 
 0 -1  1  0  1  1  1 -1 -1  1 
 0 -1  1  0  1  1 -1 -1  1  1 
 0 -1  1  0  1 -1  1  1 -1  1 
 0 -1  1  0  1 -1  1 -1  1  1 
 0 -1  1  0  1 -1  1  0  0  1 
 0 -1  1  0  1  0  1 -1  0  1 
 0 -1  1  0  1  0  1  0 -1  1 
 0 -1  1  0 -1  1 -1  1  1  1 
 0 -1  1  0 -1  1  0  0  1  1 
 0 -1  1  0 -1 -1  1  1  1  1 
 0 -1  1  0  0  1 -1  0  1  1 
 0 -1  1  0  0  1  0 -1  1  1 
 0 -1 -1  1  1  1  1 -1  0  1 
 0 -1 -1  1  1  1  1  0 -1  1 
 0 -1 -1  1  1  1 -1  1  0  1 
 0 -1 -1  1  1  1 -1  0  1  1 
 0 -1 -1  1  1  1  0  1 -1  1 
 0 -1 -1  1  1  1  0 -1  1  1 
 0 -1 -1  1  1  1  0  0  0  1 
 0 -1 -1  1 -1  0  1  1  1  1 
 0 -1 -1  1  0 -1  1  1  1  1 
 0 -1 -1 -1  1  0  1  1  1  1 
 0 -1 -1 -1  0  1  1  1  1  1 
 0 -1 -1  0  1 -1  1  1  1  1 
 0 -1 -1  0 -1  1  1  1  1  1 
 0 -1 -1  0  0  0  1  1  1  1 
 0 -1  0  1  1  1  1 -1 -1  1 
 0 -1  0  1  1  1 -1  1 -1  1 
 0 -1  0  1  1  1 -1 -1  1  1 
 0 -1  0  1  1  1 -1  0  0  1 
 0 -1  0  1  1  1  0 -1  0  1 
 0 -1  0  1  1  1  0  0 -1  1 
 0 -1  0  1 -1 -1  1  1  1  1 
 0 -1  0 -1  1 -1  1  1  1  1 
 0 -1  0 -1 -1  1  1  1  1  1 
 0 -1  0 -1  0  0  1  1  1  1 
 0 -1  0  0 -1  0  1  1  1  1 
 0 -1  0  0  0 -1  1  1  1  1 
 0  0  1  1  1 -1  1 -1 -1  1 
 0  0  1  1 -1  1 -1 -1  1  1 
 0  0  1 -1  1  1  1 -1 -1  1 
 0  0  1 -1  1  1 -1 -1  1  1 
 0  0  1 -1  1 -1  1  1 -1  1 
 0  0  1 -1  1 -1  1 -1  1  1 
 0  0  1 -1  1 -1  1  0  0  1 
 0  0  1 -1  1  0  1 -1  0  1 
 0  0  1 -1  1  0  1  0 -1  1 
 0  0  1 -1 -1  1  1 -1  1  1 
 0  0  1 -1 -1  1 -1  1  1  1 
 0  0  1 -1 -1  1  0  0  1  1 
 0  0  1 -1  0  1 -1  0  1  1 
 0  0  1 -1  0  1  0 -1  1  1 
 0  0  1  0  1 -1  1 -1  0  1 
 0  0  1  0  1 -1  1  0 -1  1 
 0  0  1  0  1  0  1 -1 -1  1 
 0  0  1  0 -1  1 -1  0  1  1 
 0  0  1  0 -1  1  0 -1  1  1 
 0  0  1  0  0  1 -1 -1  1  1 
 0  0 -1  1  1  1  1 -1 -1  1 
 0  0 -1  1  1  1 -1  1 -1  1 
 0  0 -1  1  1  1 -1 -1  1  1 
 0  0 -1  1  1  1 -1  0  0  1 
 0  0 -1  1  1  1  0 -1  0  1 
 0  0 -1  1  1  1  0  0 -1  1 
 0  0 -1  1 -1 -1  1  1  1  1 
 0  0 -1 -1  1 -1  1  1  1  1 
 0  0 -1 -1 -1  1  1  1  1  1 
 0  0 -1 -1  0  0  1  1  1  1 
 0  0 -1  0 -1  0  1  1  1  1 
 0  0 -1  0  0 -1  1  1  1  1 
 0  0  0  1  1  1 -1 -1  0  1 
 0  0  0  1  1  1 -1  0 -1  1 
 0  0  0  1  1  1  0 -1 -1  1 
 0  0  0 -1 -1  0  1  1  1  1 
 0  0  0 -1  0 -1  1  1  1  1 
 0  0  0  0 -1 -1  1  1  1  1 
 1  1 -1  1  1 -1 -1  0 -1  0 
 1  1 -1  1  1 -1  0 -1 -1  0 
 1  1 -1  1  1  0 -1 -1 -1  0 
 1  1 -1  1 -1  1 -1 -1  0  0 
 1  1 -1  1 -1  1 -1  0 -1  0 
 1  1 -1  1 -1 -1 -1  1  0  0 
 1  1 -1  1 -1 -1 -1  0  1  0 
 1  1 -1  1 -1 -1  0  1 -1  0 
 1  1 -1  1 -1  0 -1  1 -1  0 
 1  1 -1  1 -1  0 -1 -1  1  0 
 1  1 -1  1 -1  0 -1  0  0  0 
 1  1 -1  1  0  1 -1 -1 -1  0 
 1  1 -1  1  0 -1 -1  1 -1  0 
 1  1 -1  1  0 -1  0  0 -1  0 
 1  1 -1 -1  1 -1  1  0 -1  0 
 1  1 -1 -1 -1  1 -1  1  0  0 
 1  1 -1 -1 -1  1 -1  0  1  0 
 1  1 -1 -1 -1 -1  1  1  0  0 
 1  1 -1 -1 -1 -1  1  0  1  0 
 1  1 -1 -1 -1 -1  0  1  1  0 
 1  1 -1 -1 -1  0 -1  1  1  0 
 1  1 -1 -1  0 -1  1  1 -1  0 
 1  1 -1  0  1  1 -1 -1 -1  0 
 1  1 -1  0  1 -1  1 -1 -1  0 
 1  1 -1  0  1 -1  0  0 -1  0 
 1  1 -1  0 -1  1 -1  1 -1  0 
 1  1 -1  0 -1  1 -1 -1  1  0 
 1  1 -1  0 -1  1 -1  0  0  0 
 1  1 -1  0 -1 -1  1  1 -1  0 
 1  1 -1  0 -1 -1 -1  1  1  0 
 1  1 -1  0 -1  0 -1  1  0  0 
 1  1 -1  0 -1  0 -1  0  1  0 
 1  1 -1  0  0 -1  1  0 -1  0 
 1  1 -1  0  0 -1  0  1 -1  0 
 1  1  0  1  1 -1 -1 -1 -1  0 
 1  1  0  1 -1  1 -1 -1 -1  0 
 1  1  0  1  0  0 -1 -1 -1  0 
 1  1  0 -1  1  1 -1 -1 -1  0 
 1  1  0 -1 -1 -1  1  1 -1  0 
 1  1  0 -1 -1 -1  1 -1  1  0 
 1  1  0 -1 -1 -1  1  0  0  0 
 1  1  0 -1 -1 -1 -1  1  1  0 
 1  1  0 -1 -1 -1  0  1  0  0 
 1  1  0 -1 -1 -1  0  0  1  0 
 1  1  0  0  1  0 -1 -1 -1  0 
 1  1  0  0  0  1 -1 -1 -1  0 
 1 -1  1  1  1  0 -1 -1 -1  0 
 1 -1  1  1 -1  1 -1 -1  0  0 
 1 -1  1  1 -1  1  0 -1 -1  0 
 1 -1  1  1 -1 -1  0 -1  1  0 
 1 -1  1  1 -1  0 -1 -1  1  0 
 1 -1  1  1 -1  0  0 -1  0  0 
 1 -1  1  1  0  1 -1 -1 -1  0 
 1 -1  1 -1 -1  1  1 -1  0  0 
 1 -1  1 -1 -1 -1  1  1  0  0 
 1 -1  1 -1 -1 -1  1  0  1  0 
 1 -1  1 -1 -1 -1  0  1  1  0 
 1 -1  1 -1 -1  0  1 -1  1  0 
 1 -1  1  0  1  1 -1 -1 -1  0 
 1 -1  1  0 -1  1  1 -1 -1  0 
 1 -1  1  0 -1  1  0 -1  0  0 
 1 -1  1  0 -1 -1  1 -1  1  0 
 1 -1  1  0 -1  0  1 -1  0  0 
 1 -1  1  0 -1  0  0 -1  1  0 
 1 -1 -1  1  1 -1  0  1 -1  0 
 1 -1 -1  1 -1  1 -1  1  0  0 
 1 -1 -1  1 -1  1 -1  0  1  0 
 1 -1 -1  1 -1  1  0 -1  1  0 
 1 -1 -1  1 -1  0 -1  1  1  0 
 1 -1 -1  0  1 -1  1  1 -1  0 
 1 -1 -1  0 -1  1  1 -1  1  0 
 1 -1 -1  0 -1  1 -1  1  1  0 
 1 -1  0  1 -1  1 -1 -1  1  0 
 1 -1  0  1 -1  1  0 -1  0  0 
 1 -1  0  1 -1  0  0 -1  1  0 
 1 -1  0 -1 -1  1  1 -1  1  0 
 1 -1  0  0 -1  1  1 -1  0  0 
 1 -1  0  0 -1  1  0 -1  1  0 
 1 -1  0  0 -1  0  1 -1  1  0 
 1  0  1  1  1 -1 -1 -1 -1  0 
 1  0  1  1 -1  1 -1 -1 -1  0 
 1  0  1  1  0  0 -1 -1 -1  0 
 1  0  1 -1  1  1 -1 -1 -1  0 
 1  0  1 -1 -1 -1  1  1 -1  0 
 1  0  1 -1 -1 -1  1 -1  1  0 
 1  0  1 -1 -1 -1  1  0  0  0 
 1  0  1 -1 -1 -1 -1  1  1  0 
 1  0  1 -1 -1 -1  0  1  0  0 
 1  0  1 -1 -1 -1  0  0  1  0 
 1  0  1  0  1  0 -1 -1 -1  0 
 1  0  1  0  0  1 -1 -1 -1  0 
 1  0 -1  1  1 -1 -1  1 -1  0 
 1  0 -1  1  1 -1  0  0 -1  0 
 1  0 -1  1 -1  1 -1  1 -1  0 
 1  0 -1  1 -1  1 -1 -1  1  0 
 1  0 -1  1 -1  1 -1  0  0  0 
 1  0 -1  1 -1 -1 -1  1  1  0 
 1  0 -1  1 -1  0 -1  1  0  0 
 1  0 -1  1 -1  0 -1  0  1  0 
 1  0 -1  1  0 -1  0  1 -1  0 
 1  0 -1 -1  1 -1  1  1 -1  0 
 1  0 -1 -1 -1  1 -1  1  1  0 
 1  0 -1  0  1 -1  1  0 -1  0 
 1  0 -1  0  1 -1  0  1 -1  0 
 1  0 -1  0 -1  1 -1  1  0  0 
 1  0 -1  0 -1  1 -1  0  1  0 
 1  0 -1  0 -1  0 -1  1  1  0 
 1  0 -1  0  0 -1  1  1 -1  0 
 1  0  0  1  1  0 -1 -1 -1  0 
 1  0  0  1  0  1 -1 -1 -1  0 
 1  0  0 -1 -1 -1  1  1  0  0 
 1  0  0 -1 -1 -1  1  0  1  0 
 1  0  0 -1 -1 -1  0  1  1  0 
 1  0  0  0  1  1 -1 -1 -1  0 
-1  1  1  1  1  0 -1 -1 -1  0 
-1  1  1  1 -1  1 -1  0 -1  0 
-1  1  1  1 -1  1  0 -1 -1  0 
-1  1  1  1 -1 -1  1  0 -1  0 
-1  1  1  1 -1 -1  0  1 -1  0 
-1  1  1  1 -1  0  1 -1 -1  0 
-1  1  1  1 -1  0 -1  1 -1  0 
-1  1  1  1 -1  0  0  0 -1  0 
-1  1  1  1  0  1 -1 -1 -1  0 
-1  1  1 -1  1  1 -1 -1  0  0 
-1  1  1 -1  1  1 -1  0 -1  0 
-1  1  1 -1  1 -1 -1  0  1  0 
-1  1  1 -1  1  0 -1 -1  1  0 
-1  1  1 -1  1  0 -1  0  0  0 
-1  1  1 -1 -1  1  1  0 -1  0 
-1  1  1 -1 -1  1 -1  1  0  0 
-1  1  1 -1 -1  1  0  1 -1  0 
-1  1  1 -1 -1 -1  1  1  0  0 
-1  1  1 -1 -1 -1  1  0  1  0 
-1  1  1 -1 -1 -1  0  1  1  0 
-1  1  1 -1 -1  0  1  1 -1  0 
-1  1  1 -1 -1  0 -1  1  1  0 
-1  1  1 -1  0  1 -1  1 -1  0 
-1  1  1 -1  0  1 -1  0  0  0 
-1  1  1 -1  0 -1 -1  1  1  0 
-1  1  1 -1  0  0 -1  1  0  0 
-1  1  1 -1  0  0 -1  0  1  0 
-1  1  1  0  1  1 -1 -1 -1  0 
-1  1  1  0 -1  1  1 -1 -1  0 
-1  1  1  0 -1  1 -1  1 -1  0 
-1  1  1  0 -1  1  0  0 -1  0 
-1  1  1  0 -1 -1  1  1 -1  0 
-1  1  1  0 -1  0  1  0 -1  0 
-1  1  1  0 -1  0  0  1 -1  0 
-1  1 -1  1  1 -1  1  0 -1  0 
-1  1 -1  1 -1  1  1  0 -1  0 
-1  1 -1  1 -1  1 -1  1  0  0 
-1  1 -1  1 -1  1 -1  0  1  0 
-1  1 -1  1 -1  1  0  1 -1  0 
-1  1 -1  1 -1  0  1  1 -1  0 
-1  1 -1  1 -1  0 -1  1  1  0 
-1  1 -1  1  0 -1  1  1 -1  0 
-1  1 -1 -1  1  1 -1  0  1  0 
-1  1 -1 -1  0  1 -1  1  1  0 
-1  1 -1  0 -1  1  1  1 -1  0 
-1  1 -1  0 -1  1 -1  1  1  0 
-1  1  0  1 -1  1  1 -1 -1  0 
-1  1  0  1 -1  1 -1  1 -1  0 
-1  1  0  1 -1  1  0  0 -1  0 
-1  1  0  1 -1 -1  1  1 -1  0 
-1  1  0  1 -1  0  1  0 -1  0 
-1  1  0  1 -1  0  0  1 -1  0 
-1  1  0 -1  1  1 -1 -1  1  0 
-1  1  0 -1  1  1 -1  0  0  0 
-1  1  0 -1  1  0 -1  0  1  0 
-1  1  0 -1 -1  1  1  1 -1  0 
-1  1  0 -1 -1  1 -1  1  1  0 
-1  1  0 -1  0  1 -1  1  0  0 
-1  1  0 -1  0  1 -1  0  1  0 
-1  1  0 -1  0  0 -1  1  1  0 
-1  1  0  0 -1  1  1  0 -1  0 
-1  1  0  0 -1  1  0  1 -1  0 
-1  1  0  0 -1  0  1  1 -1  0 
-1 -1  1  1 -1  1  1 -1  0  0 
-1 -1  1  1 -1  1  1  0 -1  0 
-1 -1  1  1 -1  1  0  1 -1  0 
-1 -1  1  1 -1  0  1  1 -1  0 
-1 -1  1  1 -1  0  1 -1  1  0 
-1 -1  1 -1  1  1 -1  1  0  0 
-1 -1  1 -1  1  0 -1  1  1  0 
-1 -1  1  0 -1  1  1  1 -1  0 
-1 -1 -1  1  1 -1  1  1  0  0 
-1 -1 -1  1  1 -1  1  0  1  0 
-1 -1 -1  1  1 -1  0  1  1  0 
-1 -1 -1  1  1  0  1  1 -1  0 
-1 -1 -1  1  1  0  1 -1  1  0 
-1 -1 -1  1  1  0  1  0  0  0 
-1 -1 -1  1  1  0 -1  1  1  0 
-1 -1 -1  1  1  0  0  1  0  0 
-1 -1 -1  1  1  0  0  0  1  0 
-1 -1 -1  1 -1  1  1  1  0  0 
-1 -1 -1  1 -1  1  1  0  1  0 
-1 -1 -1  1 -1  1  0  1  1  0 
-1 -1 -1  1  0  1  1  1 -1  0 
-1 -1 -1  1  0  1  1 -1  1  0 
-1 -1 -1  1  0  1  1  0  0  0 
-1 -1 -1  1  0  1 -1  1  1  0 
-1 -1 -1  1  0  1  0  1  0  0 
-1 -1 -1  1  0  1  0  0  1  0 
-1 -1 -1  1  0  0  1  1  0  0 
-1 -1 -1  1  0  0  1  0  1  0 
-1 -1 -1  1  0  0  0  1  1  0 
-1 -1 -1 -1  1  1  1  1  0  0 
-1 -1 -1 -1  1  1  1  0  1  0 
-1 -1 -1 -1  1  1  0  1  1  0 
-1 -1 -1  0  1  1  1  1 -1  0 
-1 -1 -1  0  1  1  1 -1  1  0 
-1 -1 -1  0  1  1  1  0  0  0 
-1 -1 -1  0  1  1 -1  1  1  0 
-1 -1 -1  0  1  1  0  1  0  0 
-1 -1 -1  0  1  1  0  0  1  0 
-1 -1 -1  0  1  0  1  1  0  0 
-1 -1 -1  0  1  0  1  0  1  0 
-1 -1 -1  0  1  0  0  1  1  0 
-1 -1 -1  0  0  1  1  1  0  0 
-1 -1 -1  0  0  1  1  0  1  0 
-1 -1 -1  0  0  1  0  1  1  0 
-1 -1  0  1 -1  1  1  1 -1  0 
-1 -1  0  1 -1  1  1 -1  1  0 
-1 -1  0 -1  1  1 -1  1  1  0 
-1  0  1  1 -1  1  1 -1 -1  0 
-1  0  1  1 -1  1 -1  1 -1  0 
-1  0  1  1 -1  1  0  0 -1  0 
-1  0  1  1 -1 -1  1  1 -1  0 
-1  0  1  1 -1  0  1  0 -1  0 
-1  0  1  1 -1  0  0  1 -1  0 
-1  0  1 -1  1  1 -1  1 -1  0 
-1  0  1 -1  1  1 -1  0  0  0 
-1  0  1 -1  1 -1 -1  1  1  0 
-1  0  1 -1  1  0 -1  1  0  0 
-1  0  1 -1  1  0 -1  0  1  0 
-1  0  1 -1 -1  1  1  1 -1  0 
-1  0  1 -1  0  1 -1  1  0  0 
-1  0  1 -1  0  0 -1  1  1  0 
-1  0  1  0 -1  1  1  0 -1  0 
-1  0  1  0 -1  1  0  1 -1  0 
-1  0  1  0 -1  0  1  1 -1  0 
-1  0 -1  1  1 -1  1  1 -1  0 
-1  0 -1  1 -1  1  1  1 -1  0 
-1  0 -1  1 -1  1 -1  1  1  0 
-1  0 -1 -1  1  1 -1  1  1  0 
-1  0  0  1 -1  1  1  0 -1  0 
-1  0  0  1 -1  1  0  1 -1  0 
-1  0  0  1 -1  0  1  1 -1  0 
-1  0  0 -1  1  1 -1  1  0  0 
-1  0  0 -1  1  1 -1  0  1  0 
-1  0  0 -1  1  0 -1  1  1  0 
-1  0  0 -1  0  1 -1  1  1  0 
-1  0  0  0 -1  1  1  1 -1  0 
 0  1  1  1  1 -1 -1 -1 -1  0 
 0  1  1  1 -1  1 -1 -1 -1  0 
 0  1  1  1  0  0 -1 -1 -1  0 
 0  1  1 -1  1  1 -1 -1 -1  0 
 0  1  1 -1 -1 -1  1  1 -1  0 
 0  1  1 -1 -1 -1  1 -1  1  0 
 0  1  1 -1 -1 -1  1  0  0  0 
 0  1  1 -1 -1 -1 -1  1  1  0 
 0  1  1 -1 -1 -1  0  1  0  0 
 0  1  1 -1 -1 -1  0  0  1  0 
 0  1  1  0  1  0 -1 -1 -1  0 
 0  1  1  0  0  1 -1 -1 -1  0 
 0  1 -1  1  1 -1  1 -1 -1  0 
 0  1 -1  1  1 -1  0  0 -1  0 
 0  1 -1  1 -1  1 -1  1 -1  0 
 0  1 -1  1 -1  1 -1 -1  1  0 
 0  1 -1  1 -1  1 -1  0  0  0 
 0  1 -1  1 -1 -1  1  1 -1  0 
 0  1 -1  1 -1 -1 -1  1  1  0 
 0  1 -1  1 -1  0 -1  1  0  0 
 0  1 -1  1 -1  0 -1  0  1  0 
 0  1 -1  1  0 -1  1  0 -1  0 
 0  1 -1  1  0 -1  0  1 -1  0 
 0  1 -1 -1 -1  1 -1  1  1  0 
 0  1 -1  0  1 -1  1  0 -1  0 
 0  1 -1  0 -1  1 -1  1  0  0 
 0  1 -1  0 -1  1 -1  0  1  0 
 0  1 -1  0 -1  0 -1  1  1  0 
 0  1 -1  0  0 -1  1  1 -1  0 
 0  1  0  1  1  0 -1 -1 -1  0 
 0  1  0  1  0  1 -1 -1 -1  0 
 0  1  0 -1 -1 -1  1  1  0  0 
 0  1  0 -1 -1 -1  1  0  1  0 
 0  1  0 -1 -1 -1  0  1  1  0 
 0  1  0  0  1  1 -1 -1 -1  0 
 0 -1  1  1 -1  1  1 -1 -1  0 
 0 -1  1  1 -1  1  0 -1  0  0 
 0 -1  1  1 -1 -1  1 -1  1  0 
 0 -1  1  1 -1  0  1 -1  0  0 
 0 -1  1  1 -1  0  0 -1  1  0 
 0 -1  1  0 -1  1  1 -1  0  0 
 0 -1  1  0 -1  0  1 -1  1  0 
 0 -1 -1  1  1 -1  1  1 -1  0 
 0 -1 -1  1 -1  1  1 -1  1  0 
 0 -1 -1  1 -1  1 -1  1  1  0 
 0 -1  0  1 -1  1  1 -1  0  0 
 0 -1  0  1 -1  1  0 -1  1  0 
 0 -1  0  1 -1  0  1 -1  1  0 
 0 -1  0  0 -1  1  1 -1  1  0 
 0  0  1  1  1  0 -1 -1 -1  0 
 0  0  1  1  0  1 -1 -1 -1  0 
 0  0  1 -1 -1 -1  1  1  0  0 
 0  0  1 -1 -1 -1  1  0  1  0 
 0  0  1 -1 -1 -1  0  1  1  0 
 0  0  1  0  1  1 -1 -1 -1  0 
 0  0 -1  1  1 -1  1  0 -1  0 
 0  0 -1  1  1 -1  0  1 -1  0 
 0  0 -1  1 -1  1 -1  1  0  0 
 0  0 -1  1 -1  1 -1  0  1  0 
 0  0 -1  1 -1  0 -1  1  1  0 
 0  0 -1  1  0 -1  1  1 -1  0 
 0  0 -1  0  1 -1  1  1 -1  0 
 0  0 -1  0 -1  1 -1  1  1  0 
 1  1 -1 -1  1  1  1 -1 -1  0 
 1  1 -1 -1 -1  1  1  1 -1  0 
 1  1 -1 -1 -1  1  1 -1  1  0 
 1 -1  1  1  1 -1 -1  1 -1  0 
 1 -1  1  1 -1  1 -1  1 -1  0 
 1 -1  1  1 -1 -1 -1  1  1  0 
 1 -1  1 -1  1  1 -1  1 -1  0 
 1 -1  1 -1 -1  1  1  1 -1  0 
 1 -1 -1 -1  1  1  1  1 -1  0 
-1  1  1  1  1 -1 -1 -1  1  0 
-1  1  1  1 -1 -1  1 -1  1  0 
-1  1  1  1 -1 -1 -1  1  1  0 
-1  1 -1  1  1 -1  1 -1  1  0 
-1  1 -1  1 -1  1  1 -1  1  0 
-1  1 -1 -1  1  1  1 -1  1  0 
-1 -1  1  1  1 -1 -1  1  1  0 

 1  1  1  1 -1 -1  1 -1 -1  1 
 1  1  1  1 -1 -1 -1  1 -1  1 
 1  1  1  1 -1 -1 -1 -1  1  1 
 1  1  1  1 -1 -1 -1  0  0  1 
 1  1  1  1 -1 -1  0 -1  0  1 
 1  1  1  1 -1 -1  0  0 -1  1 
 1  1  1  1 -1  0 -1 -1  0  1 
 1  1  1  1 -1  0 -1  0 -1  1 
 1  1  1  1 -1  0  0 -1 -1  1 
 1  1  1  1  0 -1 -1 -1  0  1 
 1  1  1  1  0 -1 -1  0 -1  1 
 1  1  1  1  0 -1  0 -1 -1  1 
 1  1  1 -1  1 -1  1 -1 -1  1 
 1  1  1 -1  1 -1 -1  1 -1  1 
 1  1  1 -1  1 -1 -1 -1  1  1 
 1  1  1 -1  1 -1 -1  0  0  1 
 1  1  1 -1  1 -1  0 -1  0  1 
 1  1  1 -1  1 -1  0  0 -1  1 
 1  1  1 -1  1  0 -1 -1  0  1 
 1  1  1 -1  1  0 -1  0 -1  1 
 1  1  1 -1  1  0  0 -1 -1  1 
 1  1  1 -1 -1  1  1 -1 -1  1 
 1  1  1 -1 -1  1 -1  1 -1  1 
 1  1  1 -1 -1  1 -1 -1  1  1 
 1  1  1 -1 -1  1 -1  0  0  1 
 1  1  1 -1 -1  1  0 -1  0  1 
 1  1  1 -1 -1  1  0  0 -1  1 
 1  1  1 -1 -1  0  1 -1  0  1 
 1  1  1 -1 -1  0  1  0 -1  1 
 1  1  1 -1 -1  0 -1  1  0  1 
 1  1  1 -1 -1  0 -1  0  1  1 
 1  1  1 -1 -1  0  0  1 -1  1 
 1  1  1 -1 -1  0  0 -1  1  1 
 1  1  1 -1 -1  0  0  0  0  1 
 1  1  1 -1  0  1 -1 -1  0  1 
 1  1  1 -1  0  1 -1  0 -1  1 
 1  1  1 -1  0  1  0 -1 -1  1 
 1  1  1 -1  0 -1  1 -1  0  1 
 1  1  1 -1  0 -1  1  0 -1  1 
 1  1  1 -1  0 -1 -1  1  0  1 
 1  1  1 -1  0 -1 -1  0  1  1 
 1  1  1 -1  0 -1  0  1 -1  1 
 1  1  1 -1  0 -1  0 -1  1  1 
 1  1  1 -1  0 -1  0  0  0  1 
 1  1  1 -1  0  0  1 -1 -1  1 
 1  1  1 -1  0  0 -1  1 -1  1 
 1  1  1 -1  0  0 -1 -1  1  1 
 1  1  1 -1  0  0 -1  0  0  1 
 1  1  1 -1  0  0  0 -1  0  1 
 1  1  1 -1  0  0  0  0 -1  1 
 1  1  1  0  1 -1 -1 -1  0  1 
 1  1  1  0  1 -1 -1  0 -1  1 
 1  1  1  0  1 -1  0 -1 -1  1 
 1  1  1  0 -1  1 -1 -1  0  1 
 1  1  1  0 -1  1 -1  0 -1  1 
 1  1  1  0 -1  1  0 -1 -1  1 
 1  1  1  0 -1 -1  1 -1  0  1 
 1  1  1  0 -1 -1  1  0 -1  1 
 1  1  1  0 -1 -1 -1  1  0  1 
 1  1  1  0 -1 -1 -1  0  1  1 
 1  1  1  0 -1 -1  0  1 -1  1 
 1  1  1  0 -1 -1  0 -1  1  1 
 1  1  1  0 -1 -1  0  0  0  1 
 1  1  1  0 -1  0  1 -1 -1  1 
 1  1  1  0 -1  0 -1  1 -1  1 
 1  1  1  0 -1  0 -1 -1  1  1 
 1  1  1  0 -1  0 -1  0  0  1 
 1  1  1  0 -1  0  0 -1  0  1 
 1  1  1  0 -1  0  0  0 -1  1 
 1  1  1  0  0 -1  1 -1 -1  1 
 1  1  1  0  0 -1 -1  1 -1  1 
 1  1  1  0  0 -1 -1 -1  1  1 
 1  1  1  0  0 -1 -1  0  0  1 
 1  1  1  0  0 -1  0 -1  0  1 
 1  1  1  0  0 -1  0  0 -1  1 
 1  1  1  0  0  0 -1 -1  0  1 
 1  1  1  0  0  0 -1  0 -1  1 
 1  1  1  0  0  0  0 -1 -1  1 
 1  1 -1  1  1 -1 -1 -1  1  1 
 1  1 -1  1 -1  1  1 -1 -1  1 
 1  1 -1  1 -1 -1  1 -1  1  1 
 1  1 -1  1 -1 -1  1  0  0  1 
 1  1 -1  1 -1  0  1 -1  0  1 
 1  1 -1  1 -1  0  1  0 -1  1 
 1  1 -1  1  0 -1  1 -1  0  1 
 1  1 -1  1  0  0  1 -1 -1  1 
 1  1 -1 -1  1  1 -1  1 -1  1 
 1  1 -1 -1  1  1 -1 -1  1  1 
 1  1 -1 -1  1 -1  1 -1  1  1 
 1  1 -1 -1  1 -1 -1  1  1  1 
 1  1 -1 -1  1 -1  0  1  0  1 
 1  1 -1 -1  1 -1  0  0  1  1 
 1  1 -1 -1  1  0 -1  1  0  1 
 1  1 -1 -1  1  0 -1  0  1  1 
 1  1 -1 -1  1  0  0  1 -1  1 
 1  1 -1 -1  1  0  0 -1  1  1 
 1  1 -1  0  1 -1 -1  1  0  1 
 1  1 -1  0  1 -1 -1  0  1  1 
 1  1 -1  0  1 -1  0 -1  1  1 
 1  1 -1  0  1  0 -1  1 -1  1 
 1  1 -1  0  1  0 -1 -1  1  1 
 1  1  0  1 -1 -1  1 -1  0  1 
 1  1  0  1 -1 -1  1  0 -1  1 
 1  1  0  1 -1  0  1 -1 -1  1 
 1  1  0  1  0 -1  1 -1 -1  1 
 1  1  0 -1  1 -1 -1  1  0  1 
 1  1  0 -1  1 -1 -1  0  1  1 
 1  1  0 -1  1 -1  0  1 -1  1 
 1  1  0 -1  1 -1  0 -1  1  1 
 1  1  0 -1  1  0 -1  1 -1  1 
 1  1  0 -1  1  0 -1 -1  1  1 
 1  1  0  0  1 -1 -1  1 -1  1 
 1  1  0  0  1 -1 -1 -1  1  1 
 1 -1  1  1  1 -1  1 -1 -1  1 
 1 -1  1  1  1 -1 -1 -1  1  1 
 1 -1  1  1 -1 -1  1  1 -1  1 
 1 -1  1  1 -1 -1  1  0  0  1 
 1 -1  1  1 -1  0  1  0 -1  1 
 1 -1  1  1  0 -1  1 -1  0  1 
 1 -1  1  1  0 -1  1  0 -1  1 
 1 -1  1  1  0  0  1 -1 -1  1 
 1 -1  1 -1  1  1  1 -1 -1  1 
 1 -1  1 -1  1  1 -1 -1  1  1 
 1 -1  1 -1  1 -1  1  1 -1  1 
 1 -1  1 -1  1 -1  1 -1  1  1 
 1 -1  1 -1  1 -1  1  0  0  1 
 1 -1  1 -1  1 -1 -1  1  1  1 
 1 -1  1 -1  1 -1  0  0  1  1 
 1 -1  1 -1  1  0  1 -1  0  1 
 1 -1  1 -1  1  0  1  0 -1  1 
 1 -1  1 -1  1  0 -1  0  1  1 
 1 -1  1 -1  1  0  0 -1  1  1 
 1 -1  1 -1 -1  1 -1  1  1  1 
 1 -1  1 -1 -1  1  0  0  1  1 
 1 -1  1 -1  0  1 -1  0  1  1 
 1 -1  1 -1  0  1  0 -1  1  1 
 1 -1  1  0  1 -1  1 -1  0  1 
 1 -1  1  0  1 -1  1  0 -1  1 
 1 -1  1  0  1 -1 -1  0  1  1 
 1 -1  1  0  1 -1  0 -1  1  1 
 1 -1  1  0  1  0  1 -1 -1  1 
 1 -1  1  0  1  0 -1 -1  1  1 
 1 -1  1  0 -1  1 -1  0  1  1 
 1 -1  1  0  0  1 -1 -1  1  1 
 1 -1 -1  1  1  1  1 -1 -1  1 
 1 -1 -1  1  1  1 -1  1 -1  1 
 1 -1 -1  1  1  1 -1 -1  1  1 
 1 -1 -1  1  1  1 -1  0  0  1 
 1 -1 -1  1  1  1  0 -1  0  1 
 1 -1 -1  1  1  1  0  0 -1  1 
 1 -1 -1  1  1 -1  1 -1  1  1 
 1 -1 -1  1  1 -1  1  0  0  1 
 1 -1 -1  1  1 -1 -1  1  1  1 
 1 -1 -1  1  1 -1  0  0  1  1 
 1 -1 -1  1  1  0  1 -1  0  1 
 1 -1 -1  1  1  0  1  0 -1  1 
 1 -1 -1  1  1  0 -1  0  1  1 
 1 -1 -1  1  1  0  0 -1  1  1 
 1 -1 -1  1 -1  1  1  1 -1  1 
 1 -1 -1  1 -1  1  1  0  0  1 
 1 -1 -1  1 -1 -1  1  1  1  1 
 1 -1 -1  1 -1  0  1  1  0  1 
 1 -1 -1  1 -1  0  1  0  1  1 
 1 -1 -1  1  0  1  1 -1  0  1 
 1 -1 -1  1  0  1  1  0 -1  1 
 1 -1 -1  1  0 -1  1  1  0  1 
 1 -1 -1  1  0 -1  1  0  1  1 
 1 -1 -1  1  0  0  1  1 -1  1 
 1 -1 -1  1  0  0  1 -1  1  1 
 1 -1 -1  1  0  0  1  0  0  1 
 1 -1 -1 -1  1  1  1 -1  1  1 
 1 -1 -1 -1  1  1 -1  1  1  1 
 1 -1 -1 -1  1  1  0  0  1  1 
 1 -1 -1 -1  1 -1  1  1  1  1 
 1 -1 -1 -1  1  0  1  0  1  1 
 1 -1 -1 -1  1  0  0  1  1  1 
 1 -1 -1 -1 -1  1  1  1  1  1 
 1 -1 -1 -1  0  0  1  1  1  1 
 1 -1 -1  0  1  1 -1  0  1  1 
 1 -1 -1  0  1  1  0 -1  1  1 
 1 -1 -1  0  1 -1  1  0  1  1 
 1 -1 -1  0  1 -1  0  1  1  1 
 1 -1 -1  0  1  0  1 -1  1  1 
 1 -1 -1  0  1  0 -1  1  1  1 
 1 -1 -1  0  1  0  0  0  1  1 
 1 -1 -1  0 -1  0  1  1  1  1 
 1 -1 -1  0  0 -1  1  1  1  1 
 1 -1  0  1  1  1 -1 -1  0  1 
 1 -1  0  1  1  1 -1  0 -1  1 
 1 -1  0  1  1  1  0 -1 -1  1 
 1 -1  0  1  1 -1  1 -1  0  1 
 1 -1  0  1  1 -1  1  0 -1  1 
 1 -1  0  1  1 -1 -1  0  1  1 
 1 -1  0  1  1 -1  0 -1  1  1 
 1 -1  0  1  1  0  1 -1 -1  1 
 1 -1  0  1  1  0 -1 -1  1  1 
 1 -1  0  1 -1  1  1  0 -1  1 
 1 -1  0  1 -1 -1  1  1  0  1 
 1 -1  0  1 -1 -1  1  0  1  1 
 1 -1  0  1 -1  0  1  1 -1  1 
 1 -1  0  1 -1  0  1  0  0  1 
 1 -1  0  1  0  1  1 -1 -1  1 
 1 -1  0  1  0 -1  1  1 -1  1 
 1 -1  0  1  0 -1  1 -1  1  1 
 1 -1  0  1  0 -1  1  0  0  1 
 1 -1  0  1  0  0  1 -1  0  1 
 1 -1  0  1  0  0  1  0 -1  1 
 1 -1  0 -1  1  1 -1  0  1  1 
 1 -1  0 -1  1  1  0 -1  1  1 
 1 -1  0 -1  1 -1  1  0  1  1 
 1 -1  0 -1  1 -1  0  1  1  1 
 1 -1  0 -1  1  0  1 -1  1  1 
 1 -1  0 -1  1  0 -1  1  1  1 
 1 -1  0 -1  1  0  0  0  1  1 
 1 -1  0 -1 -1  0  1  1  1  1 
 1 -1  0 -1  0 -1  1  1  1  1 
 1 -1  0  0  1  1 -1 -1  1  1 
 1 -1  0  0  1 -1  1 -1  1  1 
 1 -1  0  0  1 -1 -1  1  1  1 
 1 -1  0  0  1 -1  0  0  1  1 
 1 -1  0  0  1  0 -1  0  1  1 
 1 -1  0  0  1  0  0 -1  1  1 
 1 -1  0  0 -1 -1  1  1  1  1 
 1  0  1  1 -1 -1  1 -1  0  1 
 1  0  1  1 -1 -1  1  0 -1  1 
 1  0  1  1 -1  0  1 -1 -1  1 
 1  0  1  1  0 -1  1 -1 -1  1 
 1  0  1 -1  1 -1  1 -1  0  1 
 1  0  1 -1  1 -1  1  0 -1  1 
 1  0  1 -1  1 -1 -1  0  1  1 
 1  0  1 -1  1 -1  0 -1  1  1 
 1  0  1 -1  1  0  1 -1 -1  1 
 1  0  1 -1  1  0 -1 -1  1  1 
 1  0  1 -1 -1  1 -1  0  1  1 
 1  0  1 -1 -1  1  0 -1  1  1 
 1  0  1 -1  0  1 -1 -1  1  1 
 1  0  1  0  1 -1  1 -1 -1  1 
 1  0  1  0  1 -1 -1 -1  1  1 
 1  0  1  0 -1  1 -1 -1  1  1 
 1  0 -1  1  1  1 -1 -1  0  1 
 1  0 -1  1  1  1 -1  0 -1  1 
 1  0 -1  1  1  1  0 -1 -1  1 
 1  0 -1  1  1 -1  1 -1  0  1 
 1  0 -1  1  1 -1 -1  0  1  1 
 1  0 -1  1  1 -1  0 -1  1  1 
 1  0 -1  1  1  0  1 -1 -1  1 
 1  0 -1  1  1  0 -1 -1  1  1 
 1  0 -1  1 -1  1  1 -1  0  1 
 1  0 -1  1 -1  1  1  0 -1  1 
 1  0 -1  1 -1 -1  1  1  0  1 
 1  0 -1  1 -1 -1  1  0  1  1 
 1  0 -1  1 -1  0  1  1 -1  1 
 1  0 -1  1 -1  0  1 -1  1  1 
 1  0 -1  1 -1  0  1  0  0  1 
 1  0 -1  1  0  1  1 -1 -1  1 
 1  0 -1  1  0 -1  1 -1  1  1 
 1  0 -1  1  0 -1  1  0  0  1 
 1  0 -1  1  0  0  1 -1  0  1 
 1  0 -1  1  0  0  1  0 -1  1 
 1  0 -1 -1  1  1 -1  0  1  1 
 1  0 -1 -1  1  1  0 -1  1  1 
 1  0 -1 -1  1 -1  1  0  1  1 
 1  0 -1 -1  1 -1  0  1  1  1 
 1  0 -1 -1  1  0  1 -1  1  1 
 1  0 -1 -1  1  0 -1  1  1  1 
 1  0 -1 -1  1  0  0  0  1  1 
 1  0 -1 -1 -1  0  1  1  1  1 
 1  0 -1 -1  0 -1  1  1  1  1 
 1  0 -1  0  1  1 -1 -1  1  1 
 1  0 -1  0  1 -1  1 -1  1  1 
 1  0 -1  0  1 -1 -1  1  1  1 
 1  0 -1  0  1 -1  0  0  1  1 
 1  0 -1  0  1  0 -1  0  1  1 
 1  0 -1  0  1  0  0 -1  1  1 
 1  0 -1  0 -1 -1  1  1  1  1 
 1  0  0  1  1 -1  1 -1 -1  1 
 1  0  0  1  1 -1 -1 -1  1  1 
 1  0  0  1 -1  1  1 -1 -1  1 
 1  0  0  1 -1 -1  1  1 -1  1 
 1  0  0  1 -1 -1  1 -1  1  1 
 1  0  0  1 -1 -1  1  0  0  1 
 1  0  0  1 -1  0  1 -1  0  1 
 1  0  0  1 -1  0  1  0 -1  1 
 1  0  0  1  0 -1  1 -1  0  1 
 1  0  0  1  0 -1  1  0 -1  1 
 1  0  0  1  0  0  1 -1 -1  1 
 1  0  0 -1  1  1 -1 -1  1  1 
 1  0  0 -1  1 -1  1 -1  1  1 
 1  0  0 -1  1 -1 -1  1  1  1 
 1  0  0 -1  1 -1  0  0  1  1 
 1  0  0 -1  1  0 -1  0  1  1 
 1  0  0 -1  1  0  0 -1  1  1 
 1  0  0  0  1 -1 -1  0  1  1 
 1  0  0  0  1 -1  0 -1  1  1 
 1  0  0  0  1  0 -1 -1  1  1 
-1  1  1  1  1 -1  1 -1 -1  1 
-1  1  1  1  1 -1 -1  1 -1  1 
-1  1  1  1 -1  1 -1 -1  1  1 
-1  1  1 -1  1  1  1 -1 -1  1 
-1  1  1 -1  1 -1  1  1 -1  1 
-1  1  1 -1  1 -1  1 -1  1  1 
-1  1  1 -1  1 -1  1  0  0  1 
-1  1  1 -1  1 -1  0  1  0  1 
-1  1  1 -1  1  0  1 -1  0  1 
-1  1  1 -1  1  0  1  0 -1  1 
-1  1  1 -1  1  0  0  1 -1  1 
-1  1  1 -1 -1  1  1 -1  1  1 
-1  1  1 -1 -1  1  0  0  1  1 
-1  1  1 -1  0  1  0 -1  1  1 
-1  1  1  0  1 -1  1 -1  0  1 
-1  1  1  0  1 -1  1  0 -1  1 
-1  1  1  0  1 -1 -1  1  0  1 
-1  1  1  0  1 -1  0  1 -1  1 
-1  1  1  0  1  0  1 -1 -1  1 
-1  1  1  0  1  0 -1  1 -1  1 
-1  1  1  0 -1  1 -1  0  1  1 
-1  1  1  0 -1  1  0 -1  1  1 
-1  1  1  0  0  1 -1 -1  1  1 
-1  1 -1  1  1  1  1 -1 -1  1 
-1  1 -1  1  1  1 -1  1 -1  1 
-1  1 -1  1  1  1 -1 -1  1  1 
-1  1 -1  1  1  1 -1  0  0  1 
-1  1 -1  1  1  1  0 -1  0  1 
-1  1 -1  1  1  1  0  0 -1  1 
-1  1 -1  1  1 -1 -1  1  1  1 
-1  1 -1  1  1 -1  0  1  0  1 
-1  1 -1  1  1  0 -1  1  0  1 
-1  1 -1  1  1  0  0  1 -1  1 
-1  1 -1  1 -1 -1  1  1  1  1 
-1  1 -1 -1  1  1  1  1 -1  1 
-1  1 -1 -1  1  1  0  1  0  1 
-1  1 -1 -1  1 -1  1  1  1  1 
-1  1 -1 -1  1  0  1  1  0  1 
-1  1 -1 -1  1  0  0  1  1  1 
-1  1 -1 -1 -1  1  1  1  1  1 
-1  1 -1 -1  0  0  1  1  1  1 
-1  1 -1  0  1  1 -1  1  0  1 
-1  1 -1  0  1  1  0  1 -1  1 
-1  1 -1  0  1 -1  1  1  0  1 
-1  1 -1  0  1 -1  0  1  1  1 
-1  1 -1  0  1  0  1  1 -1  1 
-1  1 -1  0  1  0 -1  1  1  1 
-1  1 -1  0  1  0  0  1  0  1 
-1  1 -1  0 -1  0  1  1  1  1 
-1  1 -1  0  0 -1  1  1  1  1 
-1  1  0  1  1  1 -1 -1  0  1 
-1  1  0  1  1  1 -1  0 -1  1 
-1  1  0  1  1  1  0 -1 -1  1 
-1  1  0  1  1 -1 -1  1  0  1 
-1  1  0  1  1 -1  0  1 -1  1 
-1  1  0  1  1  0 -1  1 -1  1 
-1  1  0 -1  1  1  0  1 -1  1 
-1  1  0 -1  1 -1  1  1  0  1 
-1  1  0 -1  1 -1  0  1  1  1 
-1  1  0 -1  1  0  1  1 -1  1 
-1  1  0 -1  1  0  0  1  0  1 
-1  1  0 -1 -1  0  1  1  1  1 
-1  1  0 -1  0 -1  1  1  1  1 
-1  1  0  0  1  1 -1  1 -1  1 
-1  1  0  0  1 -1  1  1 -1  1 
-1  1  0  0  1 -1 -1  1  1  1 
-1  1  0  0  1 -1  0  1  0  1 
-1  1  0  0  1  0 -1  1  0  1 
-1  1  0  0  1  0  0  1 -1  1 
-1  1  0  0 -1 -1  1  1  1  1 
-1 -1  1  1  1  1  1 -1 -1  1 
-1 -1  1  1  1  1 -1  1 -1  1 
-1 -1  1  1  1  1 -1 -1  1  1 
-1 -1  1  1  1  1 -1  0  0  1 
-1 -1  1  1  1  1  0 -1  0  1 
-1 -1  1  1  1  1  0  0 -1  1 
-1 -1  1  1  1 -1  1  1 -1  1 
-1 -1  1  1  1 -1  1 -1  1  1 
-1 -1  1  1  1 -1  1  0  0  1 
-1 -1  1  1  1  0  1 -1  0  1 
-1 -1  1  1  1  0  1  0 -1  1 
-1 -1  1  1 -1  1 -1  1  1  1 
-1 -1  1  1 -1  1  0  0  1  1 
-1 -1  1  1 -1 -1  1  1  1  1 
-1 -1  1  1  0  1 -1  0  1  1 
-1 -1  1  1  0  1  0 -1  1  1 
-1 -1  1 -1  1  1  1  1 -1  1 
-1 -1  1 -1  1  1  1 -1  1  1 
-1 -1  1 -1  1  1  1  0  0  1 
-1 -1  1 -1  1  1  0  0  1  1 
-1 -1  1 -1  1 -1  1  1  1  1 
-1 -1  1 -1  1  0  1  1  0  1 
-1 -1  1 -1  1  0  1  0  1  1 
-1 -1  1 -1 -1  1  1  1  1  1 
-1 -1  1 -1  0  1  1  0  1  1 
-1 -1  1 -1  0  1  0  1  1  1 
-1 -1  1 -1  0  0  1  1  1  1 
-1 -1  1  0  1  1  1 -1  0  1 
-1 -1  1  0  1  1  1  0 -1  1 
-1 -1  1  0  1  1 -1  0  1  1 
-1 -1  1  0  1  1  0 -1  1  1 
-1 -1  1  0  1 -1  1  1  0  1 
-1 -1  1  0  1 -1  1  0  1  1 
-1 -1  1  0  1  0  1  1 -1  1 
-1 -1  1  0  1  0  1 -1  1  1 
-1 -1  1  0  1  0  1  0  0  1 
-1 -1  1  0 -1  1  1  0  1  1 
-1 -1  1  0 -1  1  0  1  1  1 
-1 -1  1  0 -1  0  1  1  1  1 
-1 -1  1  0  0  1  1 -1  1  1 
-1 -1  1  0  0  1 -1  1  1  1 
-1 -1  1  0  0  1  0  0  1  1 
-1 -1  1  0  0 -1  1  1  1  1 
-1 -1  0  1  1  1  1 -1  0  1 
-1 -1  0  1  1  1  1  0 -1  1 
-1 -1  0  1  1  1 -1  1  0  1 
-1 -1  0  1  1  1 -1  0  1  1 
-1 -1  0  1  1  1  0  1 -1  1 
-1 -1  0  1  1  1  0 -1  1  1 
-1 -1  0  1  1  1  0  0  0  1 
-1 -1  0  1 -1  0  1  1  1  1 
-1 -1  0  1  0 -1  1  1  1  1 
-1 -1  0 -1  1  0  1  1  1  1 
-1 -1  0 -1  0  1  1  1  1  1 
-1 -1  0  0  1 -1  1  1  1  1 
-1 -1  0  0 -1  1  1  1  1  1 
-1 -1  0  0  0  0  1  1  1  1 
-1  0  1  1  1  1 -1 -1  0  1 
-1  0  1  1  1  1 -1  0 -1  1 
-1  0  1  1  1  1  0 -1 -1  1 
-1  0  1  1  1 -1  1 -1  0  1 
-1  0  1  1  1 -1  1  0 -1  1 
-1  0  1  1  1  0  1 -1 -1  1 
-1  0  1  1 -1  1 -1  0  1  1 
-1  0  1  1 -1  1  0 -1  1  1 
-1  0  1  1  0  1 -1 -1  1  1 
-1  0  1 -1  1  1  1 -1  0  1 
-1  0  1 -1  1  1  1  0 -1  1 
-1  0  1 -1  1  1  0 -1  1  1 
-1  0  1 -1  1 -1  1  1  0  1 
-1  0  1 -1  1 -1  1  0  1  1 
-1  0  1 -1  1  0  1  1 -1  1 
-1  0  1 -1  1  0  1 -1  1  1 
-1  0  1 -1  1  0  1  0  0  1 
-1  0  1 -1 -1  1  1  0  1  1 
-1  0  1 -1 -1  1  0  1  1  1 
-1  0  1 -1 -1  0  1  1  1  1 
-1  0  1 -1  0  1  1 -1  1  1 
-1  0  1 -1  0  1  0  0  1  1 
-1  0  1 -1  0 -1  1  1  1  1 
-1  0  1  0  1  1  1 -1 -1  1 
-1  0  1  0  1  1 -1 -1  1  1 
-1  0  1  0  1 -1  1  1 -1  1 
-1  0  1  0  1 -1  1 -1  1  1 
-1  0  1  0  1 -1  1  0  0  1 
-1  0  1  0  1  0  1 -1  0  1 
-1  0  1  0  1  0  1  0 -1  1 
-1  0  1  0 -1  1  1 -1  1  1 
-1  0  1  0 -1  1 -1  1  1  1 
-1  0  1  0 -1  1  0  0  1  1 
-1  0  1  0 -1 -1  1  1  1  1 
-1  0  1  0  0  1 -1  0  1  1 
-1  0  1  0  0  1  0 -1  1  1 
-1  0 -1  1  1  1  1 -1  0  1 
-1  0 -1  1  1  1  1  0 -1  1 
-1  0 -1  1  1  1 -1  1  0  1 
-1  0 -1  1  1  1 -1  0  1  1 
-1  0 -1  1  1  1  0  1 -1  1 
-1  0 -1  1  1  1  0 -1  1  1 
-1  0 -1  1  1  1  0  0  0  1 
-1  0 -1  1 -1  0  1  1  1  1 
-1  0 -1  1  0 -1  1  1  1  1 
-1  0 -1 -1  1  0  1  1  1  1 
-1  0 -1 -1  0  1  1  1  1  1 
-1  0 -1  0  1 -1  1  1  1  1 
-1  0 -1  0 -1  1  1  1  1  1 
-1  0 -1  0  0  0  1  1  1  1 
-1  0  0  1  1  1  1 -1 -1  1 
-1  0  0  1  1  1 -1  1 -1  1 
-1  0  0  1  1  1 -1 -1  1  1 
-1  0  0  1  1  1 -1  0  0  1 
-1  0  0  1  1  1  0 -1  0  1 
-1  0  0  1  1  1  0  0 -1  1 
-1  0  0  1 -1 -1  1  1  1  1 
-1  0  0 -1  1 -1  1  1  1  1 
-1  0  0 -1 -1  1  1  1  1  1 
-1  0  0 -1  0  0  1  1  1  1 
-1  0  0  0 -1  0  1  1  1  1 
-1  0  0  0  0 -1  1  1  1  1 
 0  1  1 -1  1 -1  1 -1  0  1 
 0  1  1 -1  1 -1  1  0 -1  1 
 0  1  1 -1  1 -1 -1  1  0  1 
 0  1  1 -1  1 -1  0  1 -1  1 
 0  1  1 -1  1  0  1 -1 -1  1 
 0  1  1 -1  1  0 -1  1 -1  1 
 0  1  1 -1 -1  1 -1  0  1  1 
 0  1  1 -1 -1  1  0 -1  1  1 
 0  1  1 -1  0  1 -1 -1  1  1 
 0  1  1  0  1 -1  1 -1 -1  1 
 0  1  1  0  1 -1 -1  1 -1  1 
 0  1  1  0 -1  1 -1 -1  1  1 
 0  1 -1  1  1  1 -1 -1  0  1 
 0  1 -1  1  1  1 -1  0 -1  1 
 0  1 -1  1  1  1  0 -1 -1  1 
 0  1 -1  1  1 -1 -1  1  0  1 
 0  1 -1  1  1  0 -1  1 -1  1 
 0  1 -1 -1  1  1 -1  1  0  1 
 0  1 -1 -1  1  1  0  1 -1  1 
 0  1 -1 -1  1 -1  1  1  0  1 
 0  1 -1 -1  1 -1  0  1  1  1 
 0  1 -1 -1  1  0  1  1 -1  1 
 0  1 -1 -1  1  0 -1  1  1  1 
 0  1 -1 -1  1  0  0  1  0  1 
 0  1 -1 -1 -1  0  1  1  1  1 
 0  1 -1 -1  0 -1  1  1  1  1 
 0  1 -1  0  1  1 -1  1 -1  1 
 0  1 -1  0  1 -1 -1  1  1  1 
 0  1 -1  0  1 -1  0  1  0  1 
 0  1 -1  0  1  0 -1  1  0  1 
 0  1 -1  0  1  0  0  1 -1  1 
 0  1 -1  0 -1 -1  1  1  1  1 
 0  1  0  1  1 -1 -1  1 -1  1 
 0  1  0 -1  1  1 -1  1 -1  1 
 0  1  0 -1  1 -1  1  1 -1  1 
 0  1  0 -1  1 -1 -1  1  1  1 
 0  1  0 -1  1 -1  0  1  0  1 
 0  1  0 -1  1  0 -1  1  0  1 
 0  1  0 -1  1  0  0  1 -1  1 
 0  1  0  0  1 -1 -1  1  0  1 
 0  1  0  0  1 -1  0  1 -1  1 
 0  1  0  0  1  0 -1  1 -1  1 
 0 -1  1  1  1  1 -1 -1  0  1 
 0 -1  1  1  1  1 -1  0 -1  1 
 0 -1  1  1  1  1  0 -1 -1  1 
 0 -1  1  1  1 -1  1 -1  0  1 
 0 -1  1  1  1 -1  1  0 -1  1 
 0 -1  1  1  1  0  1 -1 -1  1 
 0 -1  1  1 -1  1 -1  0  1  1 
 0 -1  1  1  0  1 -1 -1  1  1 
 0 -1  1 -1  1  1  1 -1  0  1 
 0 -1  1 -1  1  1  1  0 -1  1 
 0 -1  1 -1  1  1 -1  0  1  1 
 0 -1  1 -1  1  1  0 -1  1  1 
 0 -1  1 -1  1 -1  1  1  0  1 
 0 -1  1 -1  1 -1  1  0  1  1 
 0 -1  1 -1  1  0  1  1 -1  1 
 0 -1  1 -1  1  0  1 -1  1  1 
 0 -1  1 -1  1  0  1  0  0  1 
 0 -1  1 -1 -1  1  1  0  1  1 
 0 -1  1 -1 -1  1  0  1  1  1 
 0 -1  1 -1 -1  0  1  1  1  1 
 0 -1  1 -1  0  1  1 -1  1  1 
 0 -1  1 -1  0  1 -1  1  1  1 
 0 -1  1 -1  0  1  0  0  1  1 
 0 -1  1 -1  0 -1  1  1  1  1 
 0 -1  1  0  1  1  1 -1 -1  1 
 0 -1  1  0  1  1 -1 -1  1  1 
 0 -1  1  0  1 -1  1  1 -1  1 
 0 -1  1  0  1 -1  1 -1  1  1 
 0 -1  1  0  1 -1  1  0  0  1 
 0 -1  1  0  1  0  1 -1  0  1 
 0 -1  1  0  1  0  1  0 -1  1 
 0 -1  1  0 -1  1 -1  1  1  1 
 0 -1  1  0 -1  1  0  0  1  1 
 0 -1  1  0 -1 -1  1  1  1  1 
 0 -1  1  0  0  1 -1  0  1  1 
 0 -1  1  0  0  1  0 -1  1  1 
 0 -1 -1  1  1  1  1 -1  0  1 
 0 -1 -1  1  1  1  1  0 -1  1 
 0 -1 -1  1  1  1 -1  1  0  1 
 0 -1 -1  1  1  1 -1  0  1  1 
 0 -1 -1  1  1  1  0  1 -1  1 
 0 -1 -1  1  1  1  0 -1  1  1 
 0 -1 -1  1  1  1  0  0  0  1 
 0 -1 -1  1 -1  0  1  1  1  1 
 0 -1 -1  1  0 -1  1  1  1  1 
 0 -1 -1 -1  1  0  1  1  1  1 
 0 -1 -1 -1  0  1  1  1  1  1 
 0 -1 -1  0  1 -1  1  1  1  1 
 0 -1 -1  0 -1  1  1  1  1  1 
 0 -1 -1  0  0  0  1  1  1  1 
 0 -1  0  1  1  1  1 -1 -1  1 
 0 -1  0  1  1  1 -1  1 -1  1 
 0 -1  0  1  1  1 -1 -1  1  1 
 0 -1  0  1  1  1 -1  0  0  1 
 0 -1  0  1  1  1  0 -1  0  1 
 0 -1  0  1  1  1  0  0 -1  1 
 0 -1  0  1 -1 -1  1  1  1  1 
 0 -1  0 -1  1 -1  1  1  1  1 
 0 -1  0 -1 -1  1  1  1  1  1 
 0 -1  0 -1  0  0  1  1  1  1 
 0 -1  0  0 -1  0  1  1  1  1 
 0 -1  0  0  0 -1  1  1  1  1 
 0  0  1  1  1 -1  1 -1 -1  1 
 0  0  1  1 -1  1 -1 -1  1  1 
 0  0  1 -1  1  1  1 -1 -1  1 
 0  0  1 -1  1  1 -1 -1  1  1 
 0  0  1 -1  1 -1  1  1 -1  1 
 0  0  1 -1  1 -1  1 -1  1  1 
 0  0  1 -1  1 -1  1  0  0  1 
 0  0  1 -1  1  0  1 -1  0  1 
 0  0  1 -1  1  0  1  0 -1  1 
 0  0  1 -1 -1  1  1 -1  1  1 
 0  0  1 -1 -1  1 -1  1  1  1 
 0  0  1 -1 -1  1  0  0  1  1 
 0  0  1 -1  0  1 -1  0  1  1 
 0  0  1 -1  0  1  0 -1  1  1 
 0  0  1  0  1 -1  1 -1  0  1 
 0  0  1  0  1 -1  1  0 -1  1 
 0  0  1  0  1  0  1 -1 -1  1 
 0  0  1  0 -1  1 -1  0  1  1 
 0  0  1  0 -1  1  0 -1  1  1 
 0  0  1  0  0  1 -1 -1  1  1 
 0  0 -1  1  1  1  1 -1 -1  1 
 0  0 -1  1  1  1 -1  1 -1  1 
 0  0 -1  1  1  1 -1 -1  1  1 
 0  0 -1  1  1  1 -1  0  0  1 
 0  0 -1  1  1  1  0 -1  0  1 
 0  0 -1  1  1  1  0  0 -1  1 
 0  0 -1  1 -1 -1  1  1  1  1 
 0  0 -1 -1  1 -1  1  1  1  1 
 0  0 -1 -1 -1  1  1  1  1  1 
 0  0 -1 -1  0  0  1  1  1  1 
 0  0 -1  0 -1  0  1  1  1  1 
 0  0 -1  0  0 -1  1  1  1  1 
 0  0  0  1  1  1 -1 -1  0  1 
 0  0  0  1  1  1 -1  0 -1  1 
 0  0  0  1  1  1  0 -1 -1  1 
 0  0  0 -1 -1  0  1  1  1  1 
 0  0  0 -1  0 -1  1  1  1  1 
 0  0  0  0 -1 -1  1  1  1  1 
 1  1 -1  1  1 -1 -1  0 -1  0 
 1  1 -1  1  1 -1  0 -1 -1  0 
 1  1 -1  1  1  0 -1 -1 -1  0 
 1  1 -1  1 -1  1 -1 -1  0  0 
 1  1 -1  1 -1  1 -1  0 -1  0 
 1  1 -1  1 -1 -1 -1  1  0  0 
 1  1 -1  1 -1 -1 -1  0  1  0 
 1  1 -1  1 -1 -1  0  1 -1  0 
 1  1 -1  1 -1  0 -1  1 -1  0 
 1  1 -1  1 -1  0 -1 -1  1  0 
 1  1 -1  1 -1  0 -1  0  0  0 
 1  1 -1  1  0  1 -1 -1 -1  0 
 1  1 -1  1  0 -1 -1  1 -1  0 
 1  1 -1  1  0 -1  0  0 -1  0 
 1  1 -1 -1  1 -1  1  0 -1  0 
 1  1 -1 -1 -1  1 -1  1  0  0 
 1  1 -1 -1 -1  1 -1  0  1  0 
 1  1 -1 -1 -1 -1  1  1  0  0 
 1  1 -1 -1 -1 -1  1  0  1  0 
 1  1 -1 -1 -1 -1  0  1  1  0 
 1  1 -1 -1 -1  0 -1  1  1  0 
 1  1 -1 -1  0 -1  1  1 -1  0 
 1  1 -1  0  1  1 -1 -1 -1  0 
 1  1 -1  0  1 -1  1 -1 -1  0 
 1  1 -1  0  1 -1  0  0 -1  0 
 1  1 -1  0 -1  1 -1  1 -1  0 
 1  1 -1  0 -1  1 -1 -1  1  0 
 1  1 -1  0 -1  1 -1  0  0  0 
 1  1 -1  0 -1 -1  1  1 -1  0 
 1  1 -1  0 -1 -1 -1  1  1  0 
 1  1 -1  0 -1  0 -1  1  0  0 
 1  1 -1  0 -1  0 -1  0  1  0 
 1  1 -1  0  0 -1  1  0 -1  0 
 1  1 -1  0  0 -1  0  1 -1  0 
 1  1  0  1  1 -1 -1 -1 -1  0 
 1  1  0  1 -1  1 -1 -1 -1  0 
 1  1  0  1  0  0 -1 -1 -1  0 
 1  1  0 -1  1  1 -1 -1 -1  0 
 1  1  0 -1 -1 -1  1  1 -1  0 
 1  1  0 -1 -1 -1  1 -1  1  0 
 1  1  0 -1 -1 -1  1  0  0  0 
 1  1  0 -1 -1 -1 -1  1  1  0 
 1  1  0 -1 -1 -1  0  1  0  0 
 1  1  0 -1 -1 -1  0  0  1  0 
 1  1  0  0  1  0 -1 -1 -1  0 
 1  1  0  0  0  1 -1 -1 -1  0 
 1 -1  1  1  1  0 -1 -1 -1  0 
 1 -1  1  1 -1  1 -1 -1  0  0 
 1 -1  1  1 -1  1  0 -1 -1  0 
 1 -1  1  1 -1 -1  0 -1  1  0 
 1 -1  1  1 -1  0 -1 -1  1  0 
 1 -1  1  1 -1  0  0 -1  0  0 
 1 -1  1  1  0  1 -1 -1 -1  0 
 1 -1  1 -1 -1  1  1 -1  0  0 
 1 -1  1 -1 -1 -1  1  1  0  0 
 1 -1  1 -1 -1 -1  1  0  1  0 
 1 -1  1 -1 -1 -1  0  1  1  0 
 1 -1  1 -1 -1  0  1 -1  1  0 
 1 -1  1  0  1  1 -1 -1 -1  0 
 1 -1  1  0 -1  1  1 -1 -1  0 
 1 -1  1  0 -1  1  0 -1  0  0 
 1 -1  1  0 -1 -1  1 -1  1  0 
 1 -1  1  0 -1  0  1 -1  0  0 
 1 -1  1  0 -1  0  0 -1  1  0 
 1 -1 -1  1  1 -1  0  1 -1  0 
 1 -1 -1  1 -1  1 -1  1  0  0 
 1 -1 -1  1 -1  1 -1  0  1  0 
 1 -1 -1  1 -1  1  0 -1  1  0 
 1 -1 -1  1 -1  0 -1  1  1  0 
 1 -1 -1  0  1 -1  1  1 -1  0 
 1 -1 -1  0 -1  1  1 -1  1  0 
 1 -1 -1  0 -1  1 -1  1  1  0 
 1 -1  0  1 -1  1 -1 -1  1  0 
 1 -1  0  1 -1  1  0 -1  0  0 
 1 -1  0  1 -1  0  0 -1  1  0 
 1 -1  0 -1 -1  1  1 -1  1  0 
 1 -1  0  0 -1  1  1 -1  0  0 
 1 -1  0  0 -1  1  0 -1  1  0 
 1 -1  0  0 -1  0  1 -1  1  0 
 1  0  1  1  1 -1 -1 -1 -1  0 
 1  0  1  1 -1  1 -1 -1 -1  0 
 1  0  1  1  0  0 -1 -1 -1  0 
 1  0  1 -1  1  1 -1 -1 -1  0 
 1  0  1 -1 -1 -1  1  1 -1  0 
 1  0  1 -1 -1 -1  1 -1  1  0 
 1  0  1 -1 -1 -1  1  0  0  0 
 1  0  1 -1 -1 -1 -1  1  1  0 
 1  0  1 -1 -1 -1  0  1  0  0 
 1  0  1 -1 -1 -1  0  0  1  0 
 1  0  1  0  1  0 -1 -1 -1  0 
 1  0  1  0  0  1 -1 -1 -1  0 
 1  0 -1  1  1 -1 -1  1 -1  0 
 1  0 -1  1  1 -1  0  0 -1  0 
 1  0 -1  1 -1  1 -1  1 -1  0 
 1  0 -1  1 -1  1 -1 -1  1  0 
 1  0 -1  1 -1  1 -1  0  0  0 
 1  0 -1  1 -1 -1 -1  1  1  0 
 1  0 -1  1 -1  0 -1  1  0  0 
 1  0 -1  1 -1  0 -1  0  1  0 
 1  0 -1  1  0 -1  0  1 -1  0 
 1  0 -1 -1  1 -1  1  1 -1  0 
 1  0 -1 -1 -1  1 -1  1  1  0 
 1  0 -1  0  1 -1  1  0 -1  0 
 1  0 -1  0  1 -1  0  1 -1  0 
 1  0 -1  0 -1  1 -1  1  0  0 
 1  0 -1  0 -1  1 -1  0  1  0 
 1  0 -1  0 -1  0 -1  1  1  0 
 1  0 -1  0  0 -1  1  1 -1  0 
 1  0  0  1  1  0 -1 -1 -1  0 
 1  0  0  1  0  1 -1 -1 -1  0 
 1  0  0 -1 -1 -1  1  1  0  0 
 1  0  0 -1 -1 -1  1  0  1  0 
 1  0  0 -1 -1 -1  0  1  1  0 
 1  0  0  0  1  1 -1 -1 -1  0 
-1  1  1  1  1  0 -1 -1 -1  0 
-1  1  1  1 -1  1 -1  0 -1  0 
-1  1  1  1 -1  1  0 -1 -1  0 
-1  1  1  1 -1 -1  1  0 -1  0 
-1  1  1  1 -1 -1  0  1 -1  0 
-1  1  1  1 -1  0  1 -1 -1  0 
-1  1  1  1 -1  0 -1  1 -1  0 
-1  1  1  1 -1  0  0  0 -1  0 
-1  1  1  1  0  1 -1 -1 -1  0 
-1  1  1 -1  1  1 -1 -1  0  0 
-1  1  1 -1  1  1 -1  0 -1  0 
-1  1  1 -1  1 -1 -1  0  1  0 
-1  1  1 -1  1  0 -1 -1  1  0 
-1  1  1 -1  1  0 -1  0  0  0 
-1  1  1 -1 -1  1  1  0 -1  0 
-1  1  1 -1 -1  1 -1  1  0  0 
-1  1  1 -1 -1  1  0  1 -1  0 
-1  1  1 -1 -1 -1  1  1  0  0 
-1  1  1 -1 -1 -1  1  0  1  0 
-1  1  1 -1 -1 -1  0  1  1  0 
-1  1  1 -1 -1  0  1  1 -1  0 
-1  1  1 -1 -1  0 -1  1  1  0 
-1  1  1 -1  0  1 -1  1 -1  0 
-1  1  1 -1  0  1 -1  0  0  0 
-1  1  1 -1  0 -1 -1  1  1  0 
-1  1  1 -1  0  0 -1  1  0  0 
-1  1  1 -1  0  0 -1  0  1  0 
-1  1  1  0  1  1 -1 -1 -1  0 
-1  1  1  0 -1  1  1 -1 -1  0 
-1  1  1  0 -1  1 -1  1 -1  0 
-1  1  1  0 -1  1  0  0 -1  0 
-1  1  1  0 -1 -1  1  1 -1  0 
-1  1  1  0 -1  0  1  0 -1  0 
-1  1  1  0 -1  0  0  1 -1  0 
-1  1 -1  1  1 -1  1  0 -1  0 
-1  1 -1  1 -1  1  1  0 -1  0 
-1  1 -1  1 -1  1 -1  1  0  0 
-1  1 -1  1 -1  1 -1  0  1  0 
-1  1 -1  1 -1  1  0  1 -1  0 
-1  1 -1  1 -1  0  1  1 -1  0 
-1  1 -1  1 -1  0 -1  1  1  0 
-1  1 -1  1  0 -1  1  1 -1  0 
-1  1 -1 -1  1  1 -1  0  1  0 
-1  1 -1 -1  0  1 -1  1  1  0 
-1  1 -1  0 -1  1  1  1 -1  0 
-1  1 -1  0 -1  1 -1  1  1  0 
-1  1  0  1 -1  1  1 -1 -1  0 
-1  1  0  1 -1  1 -1  1 -1  0 
-1  1  0  1 -1  1  0  0 -1  0 
-1  1  0  1 -1 -1  1  1 -1  0 
-1  1  0  1 -1  0  1  0 -1  0 
-1  1  0  1 -1  0  0  1 -1  0 
-1  1  0 -1  1  1 -1 -1  1  0 
-1  1  0 -1  1  1 -1  0  0  0 
-1  1  0 -1  1  0 -1  0  1  0 
-1  1  0 -1 -1  1  1  1 -1  0 
-1  1  0 -1 -1  1 -1  1  1  0 
-1  1  0 -1  0  1 -1  1  0  0 
-1  1  0 -1  0  1 -1  0  1  0 
-1  1  0 -1  0  0 -1  1  1  0 
-1  1  0  0 -1  1  1  0 -1  0 
-1  1  0  0 -1  1  0  1 -1  0 
-1  1  0  0 -1  0  1  1 -1  0 
-1 -1  1  1 -1  1  1 -1  0  0 
-1 -1  1  1 -1  1  1  0 -1  0 
-1 -1  1  1 -1  1  0  1 -1  0 
-1 -1  1  1 -1  0  1  1 -1  0 
-1 -1  1  1 -1  0  1 -1  1  0 
-1 -1  1 -1  1  1 -1  1  0  0 
-1 -1  1 -1  1  0 -1  1  1  0 
-1 -1  1  0 -1  1  1  1 -1  0 
-1 -1 -1  1  1 -1  1  1  0  0 
-1 -1 -1  1  1 -1  1  0  1  0 
-1 -1 -1  1  1 -1  0  1  1  0 
-1 -1 -1  1  1  0  1  1 -1  0 
-1 -1 -1  1  1  0  1 -1  1  0 
-1 -1 -1  1  1  0  1  0  0  0 
-1 -1 -1  1  1  0 -1  1  1  0 
-1 -1 -1  1  1  0  0  1  0  0 
-1 -1 -1  1  1  0  0  0  1  0 
-1 -1 -1  1 -1  1  1  1  0  0 
-1 -1 -1  1 -1  1  1  0  1  0 
-1 -1 -1  1 -1  1  0  1  1  0 
-1 -1 -1  1  0  1  1  1 -1  0 
-1 -1 -1  1  0  1  1 -1  1  0 
-1 -1 -1  1  0  1  1  0  0  0 
-1 -1 -1  1  0  1 -1  1  1  0 
-1 -1 -1  1  0  1  0  1  0  0 
-1 -1 -1  1  0  1  0  0  1  0 
-1 -1 -1  1  0  0  1  1  0  0 
-1 -1 -1  1  0  0  1  0  1  0 
-1 -1 -1  1  0  0  0  1  1  0 
-1 -1 -1 -1  1  1  1  1  0  0 
-1 -1 -1 -1  1  1  1  0  1  0 
-1 -1 -1 -1  1  1  0  1  1  0 
-1 -1 -1  0  1  1  1  1 -1  0 
-1 -1 -1  0  1  1  1 -1  1  0 
-1 -1 -1  0  1  1  1  0  0  0 
-1 -1 -1  0  1  1 -1  1  1  0 
-1 -1 -1  0  1  1  0  1  0  0 
-1 -1 -1  0  1  1  0  0  1  0 
-1 -1 -1  0  1  0  1  1  0  0 
-1 -1 -1  0  1  0  1  0  1  0 
-1 -1 -1  0  1  0  0  1  1  0 
-1 -1 -1  0  0  1  1  1  0  0 
-1 -1 -1  0  0  1  1  0  1  0 
-1 -1 -1  0  0  1  0  1  1  0 
-1 -1  0  1 -1  1  1  1 -1  0 
-1 -1  0  1 -1  1  1 -1  1  0 
-1 -1  0 -1  1  1 -1  1  1  0 
-1  0  1  1 -1  1  1 -1 -1  0 
-1  0  1  1 -1  1 -1  1 -1  0 
-1  0  1  1 -1  1  0  0 -1  0 
-1  0  1  1 -1 -1  1  1 -1  0 
-1  0  1  1 -1  0  1  0 -1  0 
-1  0  1  1 -1  0  0  1 -1  0 
-1  0  1 -1  1  1 -1  1 -1  0 
-1  0  1 -1  1  1 -1  0  0  0 
-1  0  1 -1  1 -1 -1  1  1  0 
-1  0  1 -1  1  0 -1  1  0  0 
-1  0  1 -1  1  0 -1  0  1  0 
-1  0  1 -1 -1  1  1  1 -1  0 
-1  0  1 -1  0  1 -1  1  0  0 
-1  0  1 -1  0  0 -1  1  1  0 
-1  0  1  0 -1  1  1  0 -1  0 
-1  0  1  0 -1  1  0  1 -1  0 
-1  0  1  0 -1  0  1  1 -1  0 
-1  0 -1  1  1 -1  1  1 -1  0 
-1  0 -1  1 -1  1  1  1 -1  0 
-1  0 -1  1 -1  1 -1  1  1  0 
-1  0 -1 -1  1  1 -1  1  1  0 
-1  0  0  1 -1  1  1  0 -1  0 
-1  0  0  1 -1  1  0  1 -1  0 
-1  0  0  1 -1  0  1  1 -1  0 
-1  0  0 -1  1  1 -1  1  0  0 
-1  0  0 -1  1  1 -1  0  1  0 
-1  0  0 -1  1  0 -1  1  1  0 
-1  0  0 -1  0  1 -1  1  1  0 
-1  0  0  0 -1  1  1  1 -1  0 
 0  1  1  1  1 -1 -1 -1 -1  0 
 0  1  1  1 -1  1 -1 -1 -1  0 
 0  1  1  1  0  0 -1 -1 -1  0 
 0  1  1 -1  1  1 -1 -1 -1  0 
 0  1  1 -1 -1 -1  1  1 -1  0 
 0  1  1 -1 -1 -1  1 -1  1  0 
 0  1  1 -1 -1 -1  1  0  0  0 
 0  1  1 -1 -1 -1 -1  1  1  0 
 0  1  1 -1 -1 -1  0  1  0  0 
 0  1  1 -1 -1 -1  0  0  1  0 
 0  1  1  0  1  0 -1 -1 -1  0 
 0  1  1  0  0  1 -1 -1 -1  0 
 0  1 -1  1  1 -1  1 -1 -1  0 
 0  1 -1  1  1 -1  0  0 -1  0 
 0  1 -1  1 -1  1 -1  1 -1  0 
 0  1 -1  1 -1  1 -1 -1  1  0 
 0  1 -1  1 -1  1 -1  0  0  0 
 0  1 -1  1 -1 -1  1  1 -1  0 
 0  1 -1  1 -1 -1 -1  1  1  0 
 0  1 -1  1 -1  0 -1  1  0  0 
 0  1 -1  1 -1  0 -1  0  1  0 
 0  1 -1  1  0 -1  1  0 -1  0 
 0  1 -1  1  0 -1  0  1 -1  0 
 0  1 -1 -1 -1  1 -1  1  1  0 
 0  1 -1  0  1 -1  1  0 -1  0 
 0  1 -1  0 -1  1 -1  1  0  0 
 0  1 -1  0 -1  1 -1  0  1  0 
 0  1 -1  0 -1  0 -1  1  1  0 
 0  1 -1  0  0 -1  1  1 -1  0 
 0  1  0  1  1  0 -1 -1 -1  0 
 0  1  0  1  0  1 -1 -1 -1  0 
 0  1  0 -1 -1 -1  1  1  0  0 
 0  1  0 -1 -1 -1  1  0  1  0 
 0  1  0 -1 -1 -1  0  1  1  0 
 0  1  0  0  1  1 -1 -1 -1  0 
 0 -1  1  1 -1  1  1 -1 -1  0 
 0 -1  1  1 -1  1  0 -1  0  0 
 0 -1  1  1 -1 -1  1 -1  1  0 
 0 -1  1  1 -1  0  1 -1  0  0 
 0 -1  1  1 -1  0  0 -1  1  0 
 0 -1  1  0 -1  1  1 -1  0  0 
 0 -1  1  0 -1  0  1 -1  1  0 
 0 -1 -1  1  1 -1  1  1 -1  0 
 0 -1 -1  1 -1  1  1 -1  1  0 
 0 -1 -1  1 -1  1 -1  1  1  0 
 0 -1  0  1 -1  1  1 -1  0  0 
 0 -1  0  1 -1  1  0 -1  1  0 
 0 -1  0  1 -1  0  1 -1  1  0 
 0 -1  0  0 -1  1  1 -1  1  0 
 0  0  1  1  1  0 -1 -1 -1  0 
 0  0  1  1  0  1 -1 -1 -1  0 
 0  0  1 -1 -1 -1  1  1  0  0 
 0  0  1 -1 -1 -1  1  0  1  0 
 0  0  1 -1 -1 -1  0  1  1  0 
 0  0  1  0  1  1 -1 -1 -1  0 
 0  0 -1  1  1 -1  1  0 -1  0 
 0  0 -1  1  1 -1  0  1 -1  0 
 0  0 -1  1 -1  1 -1  1  0  0 
 0  0 -1  1 -1  1 -1  0  1  0 
 0  0 -1  1 -1  0 -1  1  1  0 
 0  0 -1  1  0 -1  1  1 -1  0 
 0  0 -1  0  1 -1  1  1 -1  0 
 0  0 -1  0 -1  1 -1  1  1  0 
 1  1 -1 -1  1  1  1 -1 -1  0 
 1  1 -1 -1 -1  1  1  1 -1  0 
 1  1 -1 -1 -1  1  1 -1  1  0 
 1 -1  1  1  1 -1 -1  1 -1  0 
 1 -1  1  1 -1  1 -1  1 -1  0 
 1 -1  1  1 -1 -1 -1  1  1  0 
 1 -1  1 -1  1  1 -1  1 -1  0 
 1 -1  1 -1 -1  1  1  1 -1  0 
 1 -1 -1 -1  1  1  1  1 -1  0 
-1  1  1  1  1 -1 -1 -1  1  0 
-1  1  1  1 -1 -1  1 -1  1  0 
-1  1  1  1 -1 -1 -1  1  1  0 
-1  1 -1  1  1 -1  1 -1  1  0 
-1  1 -1  1 -1  1  1 -1  1  0 
-1  1 -1 -1  1  1  1 -1  1  0 
-1 -1  1  1  1 -1 -1  1  1  0 

